11624,1
8216,0
3745,1
6092,0
10394,0
4451,0
9777,0
2180,1
6134,0
2206,0
11116,0
4492,0
10501,0
3356,0
5471,1
2815,0
11034,0
7505,0
2708,0
3182,1
3314,0
5868,0
8346,0
1998,1
8006,0
1281,1
1251,0
1069,0
5631,0
7311,0
700,0
10164,0
11782,1
6464,0
3833,0
3514,0
2281,0
3152,0
1772,0
7006,0
2633,0
10406,1
8306,0
1661,1
5461,0
3059,0
4034,0
11644,1
5638,0
2750,0
1989,0
4099,0
165,0
10812,0
3566,0
8923,0
9647,1
7919,1
10601,0
11287,1
2145,0
1542,0
8868,1
9226,1
9418,0
11642,1
6442,1
10650,0
3352,0
9415,0
3896,0
11691,1
4784,0
3524,1
7556,0
11209,1
6977,0
6927,0
6091,0
7922,1
8684,0
7480,1
7901,1
3332,0
8906,1
2339,0
7255,0
6569,0
5272,1
9125,0
11817,1
1879,1
4117,0
2439,1
9308,1
10064,0
9421,0
6518,0
8013,0
3409,0
8627,1
5374,0
11784,1
5302,0
11303,1
2440,1
8270,1
10865,1
9928,0
3243,1
1681,1
5037,0
2158,1
5003,0
1474,0
41,1
9281,0
887,0
10245,0
2102,1
9043,0
11162,1
4967,0
10622,0
9571,0
11750,0
2858,1
5648,0
2629,0
5922,1
1481,1
2160,0
2723,0
9285,0
5583,0
9005,0
1361,1
6226,0
9307,1
10550,1
4940,0
9627,0
4796,0
6143,1
8243,0
6203,0
9708,1
3231,0
317,0
10676,0
11121,1
3461,0
3141,0
8136,0
9106,1
4061,0
520,0
6426,0
1311,0
45,0
602,1
6623,1
2738,1
424,1
2499,1
2651,0
10649,0
7003,0
9826,1
10869,0
5271,1
621,1
1461,1
11806,1
10856,0
49,0
3057,1
961,0
8071,1
6543,0
6031,0
4163,0
94,0
10265,0
1482,0
11243,1
5812,0
6684,0
2472,0
9319,0
7519,1
1200,0
11539,1
3067,0
1386,0
265,0
1656,0
7062,1
11092,0
3193,0
11433,1
1862,1
2839,1
1811,1
10469,0
11531,1
8810,0
4032,0
6491,0
10482,1
4064,1
501,1
5861,0
4394,0
5273,0
7821,1
5096,0
5552,0
6436,0
10973,0
2718,1
4695,0
9714,0
4031,0
2947,0
10825,0
84,0
2435,0
1588,0
811,0
7551,0
11636,1
2721,1
3905,0
10946,0
8164,0
6478,0
7507,0
655,0
2639,1
6755,0
5344,0
5570,0
323,1
10502,0
561,1
8041,1
2658,1
7128,0
8469,0
3416,0
7530,0
11619,1
6949,0
3056,0
11735,1
3072,0
42,1
9807,0
1118,0
8513,0
3077,1
2378,1
4772,0
7139,0
56,0
4941,0
641,1
10120,0
3320,0
11267,0
7963,1
10866,1
7320,0
11620,1
11023,0
1973,0
5642,1
2640,1
8474,0
1878,1
4840,0
7702,1
5710,0
11678,1
1073,0
9566,1
11004,0
541,1
7718,0
11631,1
3781,0
7424,0
6840,0
4862,0
11214,1
1726,1
438,0
11805,1
5714,0
6572,0
7857,0
5458,0
11641,1
8459,0
6666,0
4411,1
4402,0
6835,0
5917,0
4654,0
2155,0
1880,1
10026,1
2177,0
11769,1
802,1
2500,1
11233,0
4956,0
9016,0
6548,0
10418,0
2823,0
5834,0
11132,0
10701,1
6471,0
3725,0
8109,0
5691,0
1852,0
4260,0
2624,0
5280,0
10881,1
10791,0
6974,0
1207,0
8215,0
7109,0
3540,0
4530,0
5020,0
2483,0
540,0
162,0
3495,0
10753,0
11445,0
2419,1
4076,0
11292,1
3229,0
4018,0
6540,0
2292,0
9116,0
36,0
3656,0
2244,0
2735,0
3274,0
7162,1
58,0
3232,1
9960,0
9580,0
1849,0
4005,1
11282,1
8785,0
8822,0
10545,0
4115,0
5476,0
9871,0
2446,0
11535,1
2037,0
11032,0
3865,1
6261,0
6458,0
2930,0
2821,1
812,0
6206,0
11392,0
7488,0
6742,1
2280,0
11815,1
2907,0
5538,0
4518,0
7510,0
11568,1
11674,1
1259,0
773,0
11600,1
4590,0
4608,0
11819,1
2059,1
5565,0
11585,1
3216,0
11658,1
5954,0
1603,0
2447,0
590,0
3004,0
3486,0
11213,1
2774,0
7242,1
61,1
3959,0
10729,1
521,1
9306,1
9399,0
5810,0
5555,0
944,0
707,0
11468,0
8734,0
8726,1
1223,0
4280,0
8937,0
8647,0
647,0
3700,0
1004,0
2796,0
11650,1
4134,1
10495,1
8170,1
11113,0
1809,1
4209,0
11413,0
6625,0
5091,1
341,1
8953,0
7545,0
11577,1
5895,0
3479,0
5494,0
4951,1
6256,0
11492,1
9857,0
2268,0
7022,0
1458,0
5672,0
8253,1
1084,0
11665,1
8129,1
3297,1
9503,0
1541,1
9391,0
1375,0
9454,0
4911,1
4805,0
11057,0
2544,0
11024,0
2660,1
4063,0
10298,0
9487,0
352,0
141,1
6656,0
8988,1
11279,1
4875,0
5324,0
11552,1
10258,0
10305,0
1549,0
6019,0
8377,1
5170,0
1940,1
7833,0
10801,1
5616,0
4404,0
4861,0
1783,1
7470,0
11792,1
230,0
11250,0
7589,0
933,0
11082,1
1846,0
4819,0
3022,0
6932,0
6443,0
3,1
5756,0
8974,0
2271,0
4696,0
9958,0
102,1
5232,0
11318,0
10901,1
10534,1
8883,0
8444,0
5840,0
8061,0
2141,0
4171,0
1821,1
9741,0
4821,0
8788,1
1086,0
10926,1
9147,1
3394,1
219,0
10384,0
1870,0
1394,0
6389,0
10961,1
4414,0
4841,0
7643,0
6119,0
4154,1
5168,0
9262,0
522,1
587,0
10648,0
10868,0
76,0
4436,0
8522,0
4689,0
6297,0
2950,0
9867,1
6627,0
9966,1
7454,0
5421,0
1054,0
5451,1
8919,0
7880,1
1767,0
1644,0
3159,0
9586,1
5385,0
1620,0
6075,0
2893,0
9973,0
1889,0
10775,0
5746,0
3774,0
5425,0
10387,1
5068,0
9696,0
7976,0
11215,1
11326,1
10230,0
11607,1
7513,0
1476,0
6191,0
377,0
4771,1
11793,1
5525,0
8699,0
11169,1
24,0
1887,0
9882,0
1001,1
3944,1
11486,1
6939,0
11540,1
5295,0
10641,1
1022,1
2687,0
411,0
5857,0
3844,1
4885,0
9107,1
10505,0
1467,0
5379,0
8828,1
8199,0
966,0
4340,0
9779,0
3136,0
11062,1
6922,1
4871,1
9066,1
10963,1
10128,0
6682,1
1920,1
4643,0
5225,0
8844,0
81,1
9350,0
3874,0
10024,0
2692,0
11823,1
4081,0
10741,1
351,0
2178,1
11756,1
1101,1
9730,0
11387,0
6236,0
8538,0
7622,1
8865,0
9806,1
310,0
7810,0
1000,0
2912,1
8740,0
7456,0
1632,0
3147,1
1317,0
9986,1
6710,0
7685,0
2604,0
4177,0
2597,0
3044,0
7332,0
7746,0
7578,0
11529,1
1581,1
9289,1
8262,0
4975,0
9803,0
7302,1
6640,0
4699,0
2438,1
9108,1
4351,1
1321,1
10805,0
6824,0
4216,0
11401,0
180,0
7366,0
6023,1
11171,1
6202,1
3262,0
7962,1
712,0
8209,0
29,0
4899,0
1497,0
6692,0
2719,1
4880,0
8730,0
1269,0
2758,1
2240,1
6523,0
7934,0
11686,1
9028,1
7777,0
2458,1
11755,1
3733,0
8496,0
3092,0
1500,0
274,0
6000,0
6880,0
3693,0
5645,0
3628,0
11813,1
6216,0
3351,0
7624,1
8989,1
11232,0
941,1
10607,0
8672,0
970,0
1746,0
3867,0
5742,1
9266,1
6942,1
1615,0
9167,1
1041,1
11557,0
4023,0
2842,0
9109,1
11739,1
5933,0
10166,1
2459,1
6013,0
6859,0
10722,1
1323,1
11394,0
6108,0
5174,0
82,0
8725,0
1861,1
1682,1
6502,1
4481,0
5747,0
3804,1
2453,0
1962,0
3345,0
2110,0
5389,0
6873,0
1138,0
11195,1
1979,1
1657,0
8994,0
4653,0
10567,1
6005,0
7854,0
6673,0
1724,1
6689,0
6144,1
10842,0
9506,1
10080,0
1002,0
5075,0
1803,1
7831,0
3085,0
7721,1
174,0
11799,1
4560,0
2618,1
4731,1
8168,1
11587,1
3684,1
4729,0
7497,0
10452,0
9369,0
11198,1
6522,1
2382,0
8888,1
7241,0
5759,0
10522,0
3731,0
2345,0
11187,1
2095,0
3521,0
8072,1
785,0
4395,0
3584,1
3559,0
10732,0
4482,0
10200,0
9141,0
11161,1
1546,0
4720,0
6103,1
8806,1
7,0
11680,1
253,0
10286,1
3685,1
3017,0
2760,1
5151,0
11396,0
5013,0
11241,1
807,0
2809,0
7926,0
10205,0
11488,1
9228,0
8279,0
7593,0
8563,0
5687,0
4247,0
8089,0
11182,1
4855,0
10347,0
1971,0
1176,0
2561,0
9994,0
8908,1
8558,0
8969,1
1875,0
6505,0
11556,0
8687,0
7283,1
5723,0
10333,0
11773,1
7294,0
8301,0
6287,0
3024,1
4463,0
11810,1
11179,1
4174,1
3786,0
7202,1
6953,0
3517,0
7754,0
2125,0
4271,1
10184,0
6853,0
1300,0
11808,1
3457,0
11512,1
3686,1
2090,0
11534,1
327,0
1411,0
343,1
9151,1
8042,1
4130,0
3453,1
8480,0
1352,0
7863,0
10186,1
11471,0
5768,0
9872,0
6762,1
545,0
8850,0
721,1
1188,0
3439,0
4108,0
10291,0
995,0
11211,1
4045,0
4465,0
6492,0
9528,1
7723,0
8087,0
2638,1
1021,1
1985,0
8314,0
10637,0
4111,0
11511,1
1392,0
4831,1
1782,1
680,0
1901,0
1258,0
8265,0
8856,0
1123,0
11625,1
4078,0
4583,0
8606,1
1663,1
10540,0
3683,0
6770,0
2414,0
11608,1
3637,0
10885,0
11163,1
4843,0
11586,1
10010,0
10122,0
8287,1
4311,0
891,0
35,0
6910,0
10841,1
7985,1
3864,1
4410,0
9985,0
10964,1
203,1
9877,0
6008,0
9706,1
11637,1
2105,0
11632,1
1261,1
2845,0
4320,0
8277,0
10246,1
3604,1
7247,1
11515,1
8161,0
4972,0
5694,0
4333,0
1483,0
8231,0
11603,1
7024,0
1921,1
2234,0
9673,0
1701,1
3098,0
3041,0
11573,1
9955,0
3039,1
158,0
5004,0
934,0
7264,0
4361,0
7482,1
11737,1
5601,0
8796,0
506,0
7117,0
10178,0
3948,0
10552,1
469,0
1262,1
5524,0
1521,1
11436,1
5542,1
10073,0
494,0
6453,0
841,1
9981,0
6158,0
2482,0
8113,0
11218,1
10492,0
878,0
5666,0
11388,0
5898,0
6538,0
3761,0
11794,1
4001,0
3282,0
8353,0
1655,0
4122,0
2540,0
451,0
761,1
9452,0
3001,0
10728,1
6983,0
241,1
8105,0
11229,0
110,0
9383,0
8887,1
2686,0
6042,1
10720,0
8829,1
3832,0
7784,1
831,0
10912,0
10523,0
5259,0
1747,0
5617,0
6971,0
9137,0
4170,0
7882,1
7823,1
10215,0
5394,0
3997,0
830,0
9925,0
11441,0
11785,1
11763,1
1824,1
6205,0
5786,0
3544,1
5006,0
8751,1
491,0
9624,0
1415,0
5813,0
7354,0
8059,1
10816,0
8169,1
6612,0
10714,0
8096,0
9361,0
3328,0
3053,0
9254,0
9207,1
11127,0
2887,1
6327,0
6082,1
7036,0
7431,0
3207,0
7913,0
9889,0
7380,1
10593,1
4792,1
3490,0
502,1
4059,0
3883,0
218,0
5621,0
8860,0
4158,0
1658,0
7371,0
8212,0
270,0
5453,0
9902,0
3452,1
4953,0
6802,1
9060,0
5270,0
5629,0
5071,1
9111,0
4072,0
8069,1
10990,0
11411,0
3215,1
2680,0
8033,0
6740,0
6124,1
6634,0
8040,1
10439,0
4094,1
5145,0
2219,1
11426,1
11208,1
5554,0
5371,1
3429,0
11570,1
10785,0
6172,0
7282,1
4393,0
6650,0
2655,0
11538,1
7503,1
6045,0
4354,0
416,0
11165,1
10167,1
9923,0
11790,1
7816,0
11497,0
7583,0
6515,0
11286,1
8917,0
10138,0
9372,0
9557,0
2849,0
2139,0
8929,1
6764,0
7376,0
10320,0
3729,0
11753,1
4262,0
8578,0
3206,1
9403,0
8035,0
4387,0
8165,0
11824,0
2293,0
10833,0
4598,0
1550,0
11809,1
9827,1
9199,0
9527,1
1422,1
8123,0
1629,0
11780,1
11495,1
4291,1
6801,0
1140,0
11086,1
7739,1
9738,0
5847,0
8082,0
3572,0
4595,0
269,0
10443,0
2800,1
5009,0
10337,0
286,0
11579,1
6602,1
5277,0
1837,0
11721,0
2006,0
11033,0
10388,1
5654,0
7085,0
883,0
4555,0
3873,0
10513,0
9940,0
2136,0
3270,0
8461,0
11664,1
2474,0
8248,1
7323,1
10270,0
5962,1
1917,0
2820,1
11543,1
7033,0
9671,0
2890,0
8494,0
4939,0
9608,0
8900,0
10693,0
4952,0
8221,0
5675,0
11656,1
4014,0
2699,1
455,0
1144,0
5066,0
1743,1
3787,0
7544,0
237,0
736,0
4732,0
3998,0
1561,1
4098,0
8366,0
11083,1
980,0
2479,1
8618,0
122,0
6871,0
1786,0
8630,1
824,0
10005,0
10035,0
9426,1
3242,1
11042,1
2994,0
329,0
9206,1
8119,0
5437,0
2727,0
1209,0
11807,1
8793,0
8702,0
8190,1
10340,0
8285,0
5092,1
6552,0
4181,0
8423,0
3007,0
3099,0
11431,1
4444,0
3746,0
8078,0
11654,1
5932,0
2861,0
10875,0
10454,0
2468,0
6402,1
6795,0
1820,0
8723,0
2469,0
1613,0
10290,0
6482,1
3414,1
766,0
1695,0
10928,1
6170,0
10814,0
4509,0
4546,0
8968,1
11106,0
4987,0
4816,0
9978,0
5508,0
4627,0
6589,0
3512,0
11553,1
11669,1
9984,0
10216,0
6761,0
7621,1
7012,0
11677,1
11028,0
5925,0
5919,0
1282,0
5117,0
7342,1
4292,1
656,0
11484,0
8987,1
1798,0
1999,1
2064,1
3199,0
4425,0
9089,0
11547,1
6393,0
2070,0
5794,0
3897,0
8967,1
10390,0
9020,0
7343,1
1486,0
11655,1
3117,1
1418,0
7881,1
4116,0
9963,0
1872,0
9656,0
1060,0
1577,0
6209,0
5140,0
7654,0
9766,1
8426,0
6374,0
4525,0
11684,1
10029,0
8235,0
4727,0
1322,1
1187,0
9439,0
11321,0
6766,0
8666,1
954,0
11787,1
11727,0
7597,0
11689,1
10627,1
5160,0
8139,0
11733,1
2364,0
10203,0
5650,0
3273,1
5568,0
3968,0
4778,0
9758,0
9721,0
706,0
6669,0
4557,0
4957,0
21,1
7246,1
11134,0
7263,1
2421,1
1335,0
9950,0
1729,0
8657,0
8400,0
6892,0
8297,1
11662,1
6891,0
10620,0
6027,0
6383,1
11216,1
11647,1
5725,0
4650,0
2242,0
10705,0
892,0
5798,0
9088,0
8628,1
11315,0
2036,0
11428,1
10185,0
9348,0
900,0
2488,0
3625,1
5671,0
6582,1
7501,1
5949,0
10453,0
6379,0
9970,0
11193,1
1842,1
6271,0
7720,1
2550,0
6542,1
5996,0
11596,1
9246,1
311,0
4175,1
2838,1
2119,1
3484,1
11068,0
11410,0
9726,1
975,0
1881,1
5983,1
5328,0
3929,0
7905,0
11338,0
3200,1
9588,1
4931,1
2289,0
8396,0
11311,0
2976,0
3339,0
1044,0
2620,1
10573,1
11475,0
7382,0
3904,1
10956,0
5653,0
8849,1
1807,1
3381,0
1333,0
9352,0
10341,0
11651,1
8866,1
10954,0
2028,0
1635,0
2330,0
6784,0
2707,0
5372,0
11302,1
11491,1
6312,0
2659,1
3839,0
6133,0
5702,1
10725,1
3377,0
3916,0
11256,0
11638,1
11660,1
5046,0
4479,0
11346,1
9700,0
11327,1
9259,0
156,0
11347,1
11212,1
9835,0
7772,0
383,0
11175,1
216,0
9735,0
11533,1
3767,1
11800,1
11584,1
11463,0
11802,1
8786,1
2424,1
6125,0
10429,0
10382,0
7250,0
425,1
2667,0
8591,0
3696,0
11572,1
9063,0
10446,1
2161,0
7499,1
2082,1
5602,1
5052,0
154,0
7434,0
2015,0
6902,0
6053,0
3360,0
997,0
11288,1
8952,0
7203,1
6129,0
11672,1
3564,1
2761,1
5152,0
228,0
3142,0
3650,0
8678,0
7699,1
2580,1
11623,1
5392,0
4531,1
583,0
749,0
11016,0
7932,0
2390,0
10312,0
3915,0
2688,0
1102,1
11796,1
11205,1
787,0
3201,1
9822,0
10147,1
1723,1
3784,1
6164,0
4261,0
11022,0
2299,1
11061,1
7536,0
6412,0
11207,1
11304,1
5657,0
7291,0
7822,1
6314,0
8088,1
8846,1
9752,0
9184,0
3423,1
4466,0
2279,1
2101,1
6591,0
5578,0
8226,0
3938,0
6484,0
11519,0
11122,1
9652,0
2285,0
10904,1
3626,1
3941,0
405,0
10906,1
8288,1
4648,0
8907,1
11455,0
3978,0
5863,1
741,1
7701,1
8347,0
3921,0
6012,0
744,1
6573,0
3770,0
2929,1
6546,0
7759,1
11041,1
107,0
4629,0
4942,0
3797,0
8148,1
4458,0
1686,0
2945,0
8332,0
9821,0
11301,1
2221,1
3266,0
7747,0
7741,1
9581,0
3577,0
3399,0
4398,0
3190,0
11595,1
3338,0
11779,1
9046,1
3884,1
3406,0
2325,0
128,0
5181,0
10936,0
7909,0
181,1
4860,0
10090,0
923,0
11014,0
2663,0
9245,0
3172,0
1596,0
10389,0
7554,0
11551,1
5049,0
11334,0
3615,0
11718,0
10765,0
5305,0
296,0
7359,0
183,0
3157,0
389,0
7063,1
6715,0
4938,0
482,1
4894,0
7700,1
185,0
2204,0
10583,0
1553,0
4251,1
4991,1
8862,0
7908,0
11581,1
9946,1
8152,0
4789,0
8493,0
2925,0
5267,0
8436,0
227,0
9032,0
1413,0
7259,0
6680,0
4520,0
159,0
2359,1
3765,1
1781,1
6998,0
10727,1
2199,1
3704,1
499,0
5320,0
291,0
7393,0
4775,0
2278,1
7212,0
11546,1
7871,0
2062,1
461,1
8432,0
10764,0
5369,0
11594,1
11118,0
11617,1
6026,0
3994,0
11135,0
10362,0
599,0
6613,0
634,0
9294,1
1740,0
10703,0
11204,1
7414,0
1512,0
7965,1
5387,0
4847,0
1095,0
681,1
11673,1
8823,0
6960,0
9962,0
2917,0
4293,0
8240,0
1443,0
9126,0
7184,1
654,0
9095,0
5942,1
3601,0
229,0
9325,0
10234,0
2541,0
9134,0
7614,0
1918,1
10274,0
6672,0
9861,0
8548,0
8036,0
11569,1
1225,0
5878,0
2780,0
4677,0
6084,0
1977,0
5641,0
10585,0
717,0
713,0
6411,0
6655,0
5115,0
10849,0
6122,1
8271,1
2810,0
5172,0
6732,0
10738,0
7459,1
2983,0
778,0
8023,0
9267,1
1342,1
1158,0
10524,0
10626,0
10169,0
5683,1
6819,0
11590,1
8269,1
201,1
7996,0
1273,0
1763,0
470,0
11415,0
11831,0
5445,0
11610,1
1024,0
642,1
11316,0
1313,0
11788,1
11261,1
8383,0
7400,0
1395,0
3160,0
5822,1
10828,0
6416,0
7604,0
10864,1
5080,0
9665,0
4191,1
8004,0
1899,1
792,0
142,1
3859,0
8715,0
8336,0
4329,0
10314,0
11532,1
2818,1
518,0
701,1
11510,1
511,0
662,0
7123,1
445,0
10661,1
5254,0
881,1
8225,0
8014,0
7753,0
8886,1
2702,1
7271,0
9302,0
6073,0
10778,0
2100,1
7715,0
2012,0
5423,0
7920,1
7982,1
1953,0
2704,0
1806,1
10104,0
7231,0
3296,1
1093,0
7168,0
9772,0
7415,0
7481,1
886,0
8807,1
2200,1
9855,0
5960,0
3433,0
2607,0
11289,1
9555,0
11548,1
7696,0
10020,0
7728,0
10921,1
5337,0
11744,0
1944,0
11451,1
11601,1
11203,1
11485,0
673,0
5569,0
1337,0
22,1
1910,0
10664,0
5345,0
8029,0
8903,0
5456,0
4000,0
6828,0
10300,0
8608,0
1638,0
9298,0
8927,1
7222,1
1529,0
10740,0
282,1
6941,0
8999,0
10266,1
4838,0
5089,0
5363,0
1271,0
11281,1
5050,0
10730,1
3634,0
11238,0
6849,0
2205,0
7980,1
1366,0
2759,1
11078,0
10600,0
10609,1
7790,0
5913,0
3203,0
11064,1
3145,0
9615,0
3825,0
7399,1
4206,0
10445,0
8826,1
528,0
8264,0
4966,0
5230,0
7959,1
9626,1
8131,0
4733,0
7757,0
5605,0
4979,0
7619,1
9802,0
10621,0
9787,1
7322,1
1832,0
4702,0
1402,0
7388,0
11370,0
4054,0
10691,0
9467,1
2832,0
10927,1
3213,1
752,0
299,0
7001,0
2084,0
11190,1
11666,1
4127,0
3120,0
6186,0
9840,0
1662,1
7644,0
6773,0
10742,0
4203,0
1297,0
10240,0
2192,0
9148,1
8331,0
9073,0
8510,0
10219,0
1010,0
1460,0
8100,0
2599,1
9653,0
9263,0
146,0
7102,1
11141,1
11449,1
73,0
7083,1
9546,1
9009,0
9746,1
1468,0
240,0
9912,0
3946,1
9666,1
2058,1
11772,1
8281,0
448,0
3698,0
9117,0
615,0
7679,1
1278,0
4028,0
7566,0
481,1
3011,0
8010,0
1980,1
10890,0
8362,0
801,1
1379,0
8387,0
5532,0
1231,0
11629,1
8706,1
3595,0
3310,0
421,1
6001,0
10223,0
9538,0
5420,0
11795,1
2598,1
11081,1
10594,1
11575,1
8742,0
7801,1
7891,0
5669,0
2566,0
11640,1
3880,0
8091,0
6963,1
10466,1
322,1
11777,1
5491,1
10211,0
11536,1
6503,0
1843,1
3287,0
8769,0
4626,0
2351,0
8108,1
4062,0
2078,1
456,0
2298,1
6382,1
7991,0
11681,1
11427,1
11613,1
11618,1
4424,0
11676,1
440,0
3538,0
7261,0
4372,0
618,0
9805,0
1298,0
423,1
11183,1
11120,0
11758,1
7064,0
11085,1
9152,1
10272,0
7620,1
4791,1
1716,0
10770,0
10715,0
630,0
7079,0
6487,0
1805,1
161,1
5517,0
3260,0
295,0
11789,1
2238,1
6516,0
11588,1
2040,0
1099,0
11528,1
10829,0
5101,0
3380,0
4344,0
4619,0
6250,0
9870,0
2617,0
11230,0
6863,0
7892,0
6916,0
10087,0
7652,0
9630,0
11687,1
11021,1
4367,0
8158,0
10929,1
7407,0
2767,0
6601,0
4603,0
11712,1
4368,0
6566,0
9366,1
8107,0
8282,0
1502,0
8913,0
4800,0
8609,0
10967,0
1241,1
731,0
7104,1
3940,0
3164,0
3736,0
2094,0
5298,0
2120,1
523,1
4299,0
7990,0
7883,1
11668,1
11648,1
7940,1
9287,1
9926,1
404,0
6741,0
10983,1
7243,1
10414,0
11567,1
3554,0
4186,0
3835,0
9604,0
11649,1
9515,0
8191,1
4119,0
6986,0
8134,0
1315,0
9466,1
5527,0
9598,0
4057,0
9896,0
7979,1
9385,0
3255,0
7395,0
11774,1
4388,0
6114,0
397,0
2521,1
11688,1
11628,1
2696,0
4825,0
2880,0
4189,0
8411,0
6504,0
10226,1
2756,0
504,0
7870,0
8256,0
2356,0
8043,1
7779,1
1537,0
1831,0
8847,1
3020,0
6342,1
10782,1
2333,0
11074,0
5462,0
4628,0
11715,0
1235,0
9048,1
8519,0
2157,0
2081,1
1643,0
10821,1
1808,1
8182,0
3795,0
3965,0
6373,0
7042,1
7859,1
1356,0
3455,1
6277,0
8914,0
9924,0
1008,0
11752,1
100,0
11043,1
8437,0
5511,1
6423,1
5994,0
6780,0
3294,0
402,1
10487,0
1246,0
6713,0
11298,1
5722,1
10733,0
10514,1
9216,0
5288,0
10781,1
8752,1
1145,0
2409,0
7941,1
7921,1
6290,0
5792,0
3316,1
11184,1
5012,0
11348,1
3985,0
8511,0
9628,0
1126,0
2011,0
11196,1
11683,1
2777,0
7364,1
4295,0
48,0
2377,0
11516,1
8350,0
11659,1
2079,1
1823,1
7799,1
6842,1
9489,0
10375,0
5902,1
2399,1
7262,1
1181,1
8272,0
5265,0
9788,0
2527,0
7800,1
2715,0
8259,0
3292,0
5182,0
9072,0
2039,1
598,0
8834,0
1586,0
11692,1
11509,1
1288,0
3551,0
6923,0
2959,1
5970,0
2175,0
742,1
10745,0
403,0
1617,0
10953,0
11771,1
1399,0
1958,1
5615,0
8481,0
459,0
11544,1
10494,1
9629,0
2071,0
2797,0
9292,1
7220,0
1077,0
3208,0
9291,1
2765,0
4334,0
2034,0
60,0
10419,0
7335,0
10124,0
10915,0
4897,0
8986,1
8208,1
9971,0
1117,0
10371,0
1750,0
4811,1
9828,0
3219,0
8145,0
9999,0
8808,0
214,0
4683,0
3927,0
2478,1
10652,0
1584,0
1571,0
2522,1
2358,1
11541,1
5550,0
2189,0
6783,0
7819,1
11297,1
1938,1
745,0
5355,0
5876,0
7844,0
6514,0
11283,1
6421,0
422,1
8996,0
5928,0
11524,0
11609,1
11174,1
3798,0
10884,1
7780,1
10496,1
2080,1
10726,1
7786,1
902,1
2486,0
2745,0
2460,1
4750,0
3432,1
5551,0
924,0
1966,0
5484,0
1804,1
1139,0
8070,1
11598,1
2138,1
11507,1
8311,0
11627,1
10006,1
10783,1
8000,1
6663,0
11776,1
5699,0
3967,0
10306,1
7490,0
4777,0
3493,0
2519,1
2009,0
1914,0
11825,0
1607,0
10861,1
5330,0
852,0
9370,0
8523,0
3094,0
5729,0
11170,1
11643,1
6410,0
5867,0
10922,1
11178,1
10838,0
566,0
1813,1
11731,0
11591,1
8928,1
5623,0
2423,1
6274,0
8848,1
5107,0
11754,1
704,0
2300,1
10038,0
4355,0
316,0
3573,0
7086,0
9007,0
7984,1
5939,0
10449,0
2373,0
8614,0
3888,0
4927,0
11786,1
7066,0
901,1
4543,0
11814,1
9680,0
6462,1
10386,1
2335,0
4872,0
11294,1
9606,1
1868,0
7509,0
6123,1
1355,0
3153,0
10326,1
4030,0
3129,0
6399,0
11816,1
9471,0
2498,1
3251,1
2104,0
4467,0
4439,0
1725,1
11148,0
11821,1
11430,1
4639,0
582,1
2872,0
9786,1
2857,0
10474,0
11180,1
10835,0
2074,0
11732,1
8283,0
4332,0
11144,1
11679,1
4506,0
6302,1
5281,0
3154,0
2169,0
4968,0
11760,1
2967,0
4722,0
7215,0
8052,0
8403,0
4338,0
9027,1
8339,0
1792,0
4667,0
1301,1
8395,0
2835,0
6797,0
7707,0
11467,1
3593,0
11201,1
9279,0
7350,0
1141,1
2401,0
10303,0
6022,1
2128,0
1892,0
2340,0
8695,0
10227,1
6246,0
938,0
11606,1
7181,0
11429,1
2247,0
452,0
2779,1
11622,1
7879,1
7617,0
6632,0
5292,0
11685,1
8604,0
10003,0
4274,0
3592,0
644,0
10413,0
3917,0
7560,1
2050,0
3029,0
346,0
11639,1
1598,0
3400,0
3674,0
7749,0
3434,0
1318,0
10942,0
9470,0
4657,0
4736,0
9195,0
6472,0
4370,0
8605,0
10938,0
10172,0
9131,0
1959,1
3724,1
6059,0
7163,1
8670,0
517,0
1693,0
5758,0
8302,0
1866,0
735,0
10592,0
1250,0
11612,1
1860,1
7333,0
7105,1
937,0
2098,1
2142,0
306,0
11084,1
1604,0
1239,0
2819,1
9386,1
10979,0
3158,0
6782,1
6446,0
5417,0
2615,0
7420,1
2538,1
3031,0
2748,0
8721,0
3214,1
9446,1
11194,1
8646,1
2535,0
10559,0
1112,0
7806,0
6432,0
4511,0
3026,1
8746,1
8185,0
4252,1
1012,0
5190,0
5222,0
2302,0
10248,0
202,1
7860,1
8367,0
4074,1
5556,0
189,0
3617,0
6049,0
4430,0
5646,0
7636,0
9478,0
9937,0
4322,0
3586,1
43,1
439,0
11653,1
8217,0
11578,1
1939,1
1295,0
2714,0
1487,0
7601,0
1946,0
11293,1
5731,0
1425,0
10614,0
2975,0
733,0
9866,1
7655,0
2703,1
8017,0
11181,1
11273,0
38,0
10442,0
10586,0
11803,1
7180,0
2974,0
11151,0
3925,1
8656,0
4851,1
10565,0
9293,1
2600,1
9268,1
5682,1
196,0
2223,0
5662,1
5581,0
5111,1
1133,0
1859,1
476,0
7939,1
10231,0
1744,1
754,0
5351,0
11635,1
2308,0
3349,0
7174,0
6962,1
3830,0
7106,0
3333,1
11260,1
2493,0
3252,0
1601,1
6242,1
9198,0
932,0
11798,1
5560,0
4823,0
1191,0
11626,1
4113,0
8250,1
7082,1
7449,0
2982,0
5331,1
11571,1
11778,1
6608,0
9175,0
10962,1
1316,0
1833,0
11783,1
3694,0
5452,0
3010,1
11145,0
11765,1
11661,1
3186,0
121,1
10656,0
11566,1
10068,0
2129,0
9526,1
6222,1
8916,0
3138,0
8599,0
3467,0
433,0
5882,1
3177,0
10811,0
10146,1
11602,1
9227,1
6671,0
8448,0
11830,0
3960,0
7592,0
11402,0
8872,0
7455,0
9269,1
10840,0
7419,1
6318,0
11128,0
6822,1
2063,1
7975,0
7188,0
3454,1
4058,0
7878,0
11630,1
5784,0
9797,0
8236,0
11514,1
7625,0
8840,0
8249,1
5411,1
4114,1
3174,0
11682,1
11670,1
3372,0
5058,0
9591,0
2741,0
6276,0
1374,0
3785,1
10066,1
1421,1
9646,1
7734,0
6298,0
3373,0
3179,0
1810,1
6033,0
4096,0
9886,1
5035,0
10721,1
2371,0
2744,0
760,0
1265,0
4794,0
8189,1
11239,1
4349,0
11667,1
8128,1
6541,0
5622,1
768,0
7911,0
11768,1
981,1
7623,1
190,0
3695,0
8106,0
4515,0
2584,0
7815,0
8580,0
11714,0
5081,0
364,0
8478,0
3658,0
9458,0
4658,0
6622,1
7983,1
10949,0
1948,0
5341,0
2445,0
5251,0
10488,0
11143,1
8885,0
11422,0
11767,1
5382,0
4976,0
3624,1
9975,0
5748,0
3812,0
7204,1
7002,1
6562,1
11231,0
11173,1
7727,0
5643,0
3048,0
8044,1
11652,1
3040,0
6935,0
1941,1
9274,0
11713,0
9186,1
2999,0
2619,1
2984,0
10359,0
2768,0
8737,0
11646,1
7967,0
2179,1
4513,0
2018,1
7502,1
4549,0
9075,0
11275,0
9014,0
5188,0
11320,0
2720,1
5001,0
5842,1
7270,0
2480,1
4651,0
5851,0
4751,1
698,0
6675,0
9253,0
242,0
4545,0
1721,1
7483,1
11574,1
11583,1
11296,1
11197,1
2019,1
527,0
1802,1
7789,0
6051,0
2203,0
3934,0
11616,1
6847,0
4611,1
10181,0
6428,0
9082,0
7272,0
2052,0
2798,1
7058,0
8747,1
4306,0
1965,0
4084,0
11202,1
4863,0
5274,0
3167,1
1165,0
5877,0
1825,1
10307,0
5333,0
714,0
10034,0
930,0
3708,0
11599,1
10257,0
11188,1
10106,1
11508,1
1992,0
3204,0
6039,0
7500,1
3436,0
6371,0
7559,1
1501,1
6882,0
9957,0
10965,1
11614,1
7441,0
5078,0
9918,0
7443,0
8079,0
2579,1
2646,0
5558,0
2239,1
5314,0
2569,0
4587,0
6878,0
10883,1
9286,1
2621,1
2757,0
5663,1
7659,1
8777,0
342,1
10239,0
442,0
9034,0
9956,0
9373,0
4399,0
1221,1
6872,0
10991,0
4118,0
2198,1
11199,1
5730,0
1858,1
11285,1
7089,0
6060,0
8569,0
2106,0
4264,0
446,0
1534,0
7541,1
1148,0
8068,1
1516,0
2998,0
9512,0
3299,0
4128,0
11734,1
10150,0
8926,1
11605,1
4633,0
2843,0
8473,0
10602,0
2799,1
601,1
1742,1
6384,0
4735,0
7783,1
5194,0
4884,0
11059,0
9760,0
4258,0
5703,0
5929,0
9832,0
5986,0
6145,1
7150,0
8053,0
2089,0
7445,0
8934,0
8207,0
10897,0
6422,1
2118,1
7426,0
3646,0
5380,0
3184,0
8973,0
8827,1
2534,0
2520,1
7820,1
6270,0
11259,1
5912,0
1761,1
9105,0
7631,0
11645,1
9796,0
3027,0
1294,0
7954,0
11736,1
11185,1
4272,1
3587,0
11305,1
7182,1
10924,1
7740,1
8946,1
8993,0
2578,1
7194,0
1450,0
9947,1
8234,0
9026,1
9599,0
9906,1
78,0
6630,0
648,0
8275,0
11087,1
4994,0
10902,1
11217,1
11257,0
2730,0
6419,0
8936,0
1142,0
3744,1
283,0
11434,1
8475,0
9607,0
52,0
8001,1
11611,1
3405,0
2418,1
8629,1
11693,1
685,0
10086,1
321,1
1674,0
2072,0
17,0
11011,0
9836,0
8157,0
8787,1
4679,0
2326,0
8947,1
4352,0
678,0
9049,1
8074,0
2654,0
1902,0
748,0
7811,0
4891,1
5743,0
8500,0
2055,0
10877,0
7523,0
7515,0
3291,1
9846,1
2123,1
5582,1
11366,1
10243,0
11604,1
10423,0
1201,1
6324,0
2523,1
7039,0
11811,1
2778,1
2533,0
3836,0
8965,0
2420,1
4147,0
6150,0
11634,1
11621,1
8506,0
7196,0
3664,1
9658,0
11828,0
3610,0
4044,1
1822,1
11493,1
2698,1
9851,0
5802,1
11299,1
3924,1
6825,0
4305,0
1960,0
2216,0
9297,0
3346,0
7842,0
4042,0
5613,0
8485,0
9542,0
7942,1
4224,0
400,0
7960,1
6805,0
6424,1
4342,0
4182,0
9000,0
5024,0
7610,0
8230,1
