10153,0
10870,0
5610,0
72,0
10283,0
10361,0
4141,0
57,0
0,1
2581,1
3841,0
989,0
11526,1
9605,0
7103,1
3866,1
10982,1
1098,0
7599,1
10539,0
11276,0
4307,0
11513,1
6282,1
2903,0
3569,0
7914,0
8760,0
7648,0
9149,1
10267,1
7535,0
6465,0
10723,1
7689,0
2965,0
8228,1
2201,1
1826,1
361,1
1830,0
2060,1
3464,1
7201,0
3222,0
2988,1
9679,0
10276,0
10218,0
11290,1
10485,0
8146,0
2,1
4242,0
1733,0
10046,1
11822,1
9006,1
1120,0
2505,0
11447,1
7365,1
6803,0
4579,0
10629,0
7719,1
4933,0
4208,0
381,1
2938,0
4913,0
10844,0
2122,1
9039,0
11764,1
4231,1
4256,0
7781,1
3319,0
4762,0
7639,1
2939,1
4149,0
3127,1
10051,0
9290,1
743,1
3791,0
808,0
2986,0
5011,1
10189,0
7438,0
9132,0
2565,0
7512,0
8365,0
9933,0
11582,1
7258,0
2388,0
5087,0
4211,1
11228,0
4599,0
3590,0
1969,0
6959,0
10551,0
7122,1
8789,1
10896,0
6086,0
9288,1
10237,0
6127,0
2700,1
11770,1
256,0
5067,0
6610,0
7657,0
3801,0
11168,1
990,0
3931,0
2267,0
11284,1
3272,1
2096,0
3964,1
4849,0
10554,0
11406,1
8233,0
11671,1
11743,0
6850,0
8213,0
8748,1
11720,0
6508,0
1898,1
1264,0
10815,0
6347,0
9346,1
5216,0
3476,0
11269,0
2678,1
1722,1
1919,1
497,0
10131,0
7785,1
4265,0
11258,0
6137,0
9343,0
5905,0
3014,0
8008,0
11542,1
5718,0
2576,0
1336,0
1683,1
4828,0
2951,0
2870,0
2502,0
8103,0
8015,0
10434,0
9873,0
1341,1
1495,0
7223,1
413,0
3680,0
9493,0
9448,0
11274,0
3585,1
5852,0
2461,1
3481,0
5828,0
7557,0
7244,1
2185,0
535,0
6511,0
3945,1
9047,1
7381,1
2979,1
3881,0
9406,1
8795,0
11801,1
10366,1
11,0
7110,0
6280,0
4748,0
10354,0
5803,0
3752,0
10930,1
6362,1
7185,0
1170,0
4538,0
9180,0
8192,1
7517,0
11091,0
1359,0
4652,0
11489,1
10923,1
10047,1
6385,0
6065,0
5572,0
10304,0
11589,1
4711,1
10287,1
9208,1
11446,1
6351,0
7602,0
11206,1
8979,0
401,1
4550,0
2342,0
4666,0
6536,0
6722,1
9590,0
1131,0
5447,0
3109,0
10610,1
11506,1
9773,0
232,0
3051,0
10202,0
4006,0
7142,1
10879,0
9234,0
8357,0
3553,0
4156,0
3793,0
5911,0
1618,0
9438,0
11191,1
4577,0
3764,1
9486,1
4529,0
6967,0
3810,0
6169,0
3619,0
7961,1
9991,0
5485,0
9686,1
8323,0
10820,0
8335,0
8268,1
10302,0
2743,0
9247,1
7439,1
8450,0
3720,0
7539,1
1027,0
4637,0
462,1
4510,0
2099,1
9150,1
13,0
3375,0
7839,1
637,0
11280,1
10903,1
11804,1
3337,0
11818,1
6588,0
4474,0
11435,1
4867,0
2784,0
2902,0
7561,0
8252,1
11101,1
11576,1
10972,0
336,0
3444,0
109,0
7640,1
4498,0
8626,1
8758,0
2732,0
4359,0
9922,0
1062,1
4428,0
10152,0
1827,0
7667,0
2389,0
6530,0
3271,1
1454,0
4126,0
11159,0
3721,0
7660,1
11466,1
11398,0
7043,1
6920,0
6754,0
10238,0
3809,0
6439,0
10114,0
4429,0
7981,1
5041,0
10642,1
6184,0
5090,0
114,0
9825,0
11407,0
11242,1
1641,1
783,0
160,0
11166,1
1113,0
4607,0
11262,1
661,1
1061,1
5973,0
4858,0
9676,0
9166,1
5195,0
11781,1
6909,0
155,0
3398,0
3907,0
6105,0
1220,0
2151,0
8674,0
2251,0
4944,0
326,0
9725,0
378,0
7899,1
3638,0
6320,0
4027,0
1987,0
2046,0
10908,0
11537,1
9008,0
2245,0
10724,1
3504,1
3065,0
6182,1
3240,0
11220,0
1121,1
4659,0
10447,1
7764,0
11690,1
11580,1
9663,0
6844,0
2038,1
8386,0
5522,1
11138,0
10437,0
8520,0
11176,1
1393,0
7346,0
1381,1
2220,1
6924,0
7287,0
7672,0
9374,0
10797,0
542,0
2989,0
10498,0
11657,1
1552,0
8909,0
3304,0
7521,0
5231,0
7520,1
10882,1
11633,1
3189,0
5472,0
2065,1
11454,0
8756,0
5808,0
7303,1
10448,1
1081,1
9121,0
11759,1
5862,1
6232,0
10161,0
847,0
1995,0
6153,0
10117,0
2558,1
11140,0
11172,1
11240,1
4047,0
1666,0
7256,0
8385,0
3545,0
8863,0
5553,0
3732,0
9562,0
11615,1
4036,0
4486,0
10426,1
8251,1
313,0
9811,0
10204,0
6420,0
8867,1
10279,0
9529,1
9904,0
3321,0
2906,0
939,0
5339,0
10794,0
9583,0
6570,0
11663,1
6877,0
6002,1
10174,0
5308,0
10007,0
4974,0
11044,1
1869,0
1904,0
3008,1
8573,0
11550,1
10553,0
4384,0
6354,0
11517,1
1895,0
2149,0
2985,0
2021,1
231,0
8803,0
11597,1
11490,1
6264,0
7782,1
7674,0
6594,0
3131,0
7540,1
212,0
9813,0
10357,0
11167,1
5762,1
11300,1
3323,0
11450,1
7900,1
6921,0
2165,0
3171,0
5985,0
8434,0
7356,0
3009,1
3600,0
8086,0
821,1
3824,1
6702,1
7462,0
2791,0
8766,1
7977,0
10416,0
8815,0
277,0
5082,0
11192,1
946,0
1575,0
9731,0
5438,0
3800,0
11675,1
7348,0
5383,0
120,0
415,0
3036,0
260,0
5952,0
8781,0
8621,0
823,0
6183,0
10599,0
8749,1
1328,0
8859,0
9579,0
11558,0
1179,0
3275,0
10055,0
11738,1
10063,0
10822,1
8320,0
7394,0
7564,0
11352,0
4212,1
1789,0
10863,1
9483,0
11405,0
4040,0
5073,0
101,1
3463,0
23,1
1900,0
2862,0
5492,1
2422,1
11364,0
1369,0
10247,1
10862,1
5536,0
10365,0
7584,0
11150,0
10155,0
7999,1
11189,1
6087,0
3025,1
7097,0
9443,0
6227,0
8039,1
8966,1
4408,0
8468,0
5778,0
2218,1
2425,1
5391,1
1052,0
977,0
9834,0
7924,1
1595,0
2121,1
9157,0
971,0
5338,0
1465,0
7007,0
11527,1
6062,1
1160,0
6196,0
6584,0
1108,0
7760,1
4881,0
1042,1
6704,0
884,0
10463,0
7205,1
6982,0
6739,0
314,0
7379,1
5002,0
4217,0
11186,1
9146,1
9839,0
11761,1
4988,0
8104,0
11367,1
6915,0
5841,0
5402,0
8750,1
8527,0
2701,1
2318,1
1441,1
9632,0
4668,0
8124,0
4671,0
1147,0
8792,0
11295,1
3415,1
9553,0
11762,1
5474,0
64,0
11766,1
10315,0
7238,0
5589,0
7682,0
11073,0
4357,0
261,1
7362,1
794,0
11386,1
11210,1
10595,1
4148,0
9469,0
2061,1
10297,0
2867,0
4934,0
388,0
7072,0
8319,0
1372,0
10277,0
6691,0
1801,1
9030,0
3466,0
3530,0
1841,1
1401,1
7586,0
3582,0
9326,1
646,0
8371,0
11549,1
11177,1
11791,1
9102,0
2709,0
8911,0
7421,0
11504,0
6378,0
2918,0
5853,0
3317,0
9698,0
1975,0
6946,0
5957,0
3754,0
11775,1
9829,0
10364,0
11123,1
2511,0
1,1
1579,0
2241,1
11593,1
11797,1
4445,0
2338,0
6034,0
4471,1
478,0
9363,0
5431,1
7923,1
4528,0
519,0
7260,0
6239,0
3644,1
5586,0
5733,0
11114,0
7224,1
10115,0
6349,0
44,0
5031,1
1161,1
1206,0
11487,1
1438,0
6528,0
7827,0
6695,0
8871,0
5574,0
9667,1
7525,0
10345,0
5470,0
3485,1
11461,0
441,1
5782,1
9710,0
11055,0
2020,1
11812,1
1544,0
10905,1
5982,1
2518,1
9031,0
8541,0
4829,0
4935,0
169,0
3976,0
8641,0
1876,0
3173,0
11263,1
7824,1
11448,1
11164,1
3828,0
7050,0
9587,1
3719,0
6262,1
4932,1
6070,0
7964,1
7943,1
2048,0
781,1
861,1
262,1
11565,0
7695,0
5757,0
11088,1
3175,0
4807,0
11592,1
2008,0
3806,0
1741,1
3268,0
9056,0
11494,1
6088,0
5056,0
10349,0
2258,1
6142,1
7183,1
1245,0
11013,0
8229,1
9707,1
4571,0
2398,1
4895,0
391,0
2787,0
5105,0
8504,0
3225,0
9620,0
5283,0
2892,1
6642,1
7852,0
1812,1
1243,0
11530,1
6309,0
6906,0
10907,0
5229,0
8193,0
2876,0
396,0
11757,1
4313,0
184,0
3176,0
9163,0
4423,0
7363,1
9502,0
5964,0
5291,0
8188,1
1978,1
9086,1
7044,1
2966,0
5131,0
281,1
10681,1
9522,0
9232,0
8864,0
1279,0
699,0
5263,0
9335,0
8832,0
8452,0
4906,0
9716,0
301,1
5384,0
11063,1
10837,0
2608,0
9560,0
3789,0
9530,0
10222,0
11554,1
11340,0
6102,1
272,0
3703,0
2322,0
3974,0
4194,0
7245,1
7327,0
2384,0
5562,1
2481,1
3107,0
10925,1
134,0
2441,0
11835,0
221,1
2542,0
10596,0
11403,0
2124,0
9393,0
6322,1
7324,0
921,1
7929,0
3670,0
6036,0
4004,1
2491,0
9068,0
4024,1
5937,0
1621,1
10334,0
7613,0
3701,0
10887,0
10981,1
8958,0
3862,0
11010,0
908,0
4580,0
10346,1
11200,1
10107,1
5655,0
524,0
5900,0
3366,1
8303,0
3726,0
581,1
1037,0
11291,1
7479,1
987,0
3064,0
3438,0
5215,0
3766,1
8833,0
1627,0
9504,0
5007,0
2400,1
5843,0
8019,1
8944,0
11820,1
7756,0
512,0
2402,0
7641,1
1774,0
793,0
284,0
11432,1
9153,0
4971,1
8942,0
7876,0
7966,0
11142,1
622,0
5835,0
9600,0
8140,0
1419,0
906,0
1208,0
5953,0
