2658,1
820,0
7664,0
10000,0
5936,0
11752,1
6373,0
6551,0
9426,1
11333,0
6182,1
8141,0
9404,0
5176,0
848,0
11535,1
8397,0
3401,0
4108,0
3279,0
7725,0
5462,0
11684,1
3793,0
5932,0
11447,1
11198,1
3558,0
10265,0
8255,0
1941,1
4608,0
1141,1
11428,1
7599,1
5592,0
9986,1
6128,0
1033,0
11768,1
10430,0
7660,1
9827,1
2701,1
2480,1
2224,0
11263,1
3818,0
4972,0
7333,0
5359,0
4446,0
3266,0
2782,0
6462,1
10595,1
6242,1
10641,1
1174,0
11439,0
843,0
1859,1
8107,0
10581,0
3047,0
9126,0
2761,1
7747,0
3027,0
10542,0
10632,0
11083,1
341,1
2200,1
11205,1
2855,0
8210,0
11365,0
5637,0
2440,1
7542,0
11509,1
7044,1
947,0
3333,1
9714,0
5956,0
8838,0
1786,0
1208,0
8947,1
11715,0
7454,0
8725,0
8103,0
2612,0
11799,1
4448,0
6006,0
766,0
8252,1
2984,0
10350,0
2721,1
10769,0
4152,0
1917,0
5788,0
1301,1
3275,0
9281,0
4705,0
5733,0
6065,0
4693,0
8108,1
5249,0
10882,1
5382,0
2059,1
1679,0
2229,0
1782,1
5662,1
11713,0
898,0
11776,1
6413,0
8169,1
3350,0
3903,0
3464,1
7743,0
1908,0
10727,1
5555,0
587,0
11656,1
9294,1
691,0
5231,0
8819,0
8193,0
8701,0
29,0
1741,1
2919,0
9949,0
11736,1
10822,1
7224,1
11574,1
2626,0
10442,0
2967,0
9734,0
9100,0
7192,0
841,1
4753,0
8268,1
4079,0
1119,0
11202,1
7786,1
1421,1
11664,1
11541,1
1439,0
7975,0
5839,0
11062,1
10028,0
2067,0
3213,1
3866,1
10340,0
11100,0
5532,0
11060,0
7659,1
1837,0
11654,1
1878,1
9364,0
9526,1
4123,0
10089,0
6602,1
5137,0
6220,0
2779,1
11102,0
4166,0
2522,1
8628,1
1003,0
11514,1
10983,1
6575,0
2153,0
6959,0
2173,0
8190,1
5091,1
8848,1
3937,0
247,0
2082,1
10586,0
7302,1
4195,0
1775,0
10069,0
2098,1
2428,0
11122,1
1673,0
1870,0
11467,1
985,0
10497,0
2941,0
9373,0
2116,0
9269,1
8739,0
5413,0
10585,0
1605,0
1050,0
4741,0
444,0
9809,0
10652,0
1853,0
10066,1
22,1
9383,0
11148,0
8986,1
8269,1
11714,0
7890,0
1230,0
4871,1
10773,0
8001,1
3864,1
2120,1
3489,0
11571,1
6768,0
3413,0
11786,1
1626,0
3342,0
4875,0
9706,1
2477,0
652,0
9596,0
3352,0
8555,0
11325,0
9286,1
11579,1
3243,1
4964,0
6966,0
9725,0
11542,1
5612,0
11582,1
1999,1
2422,1
11316,0
7013,0
10790,0
4951,1
9306,1
9041,0
9588,1
4536,0
1709,0
11608,1
5682,1
534,0
11762,1
9787,1
4991,1
5846,0
10711,0
3192,0
10433,0
2271,0
3738,0
3095,0
4185,0
1041,1
11175,1
2621,1
8318,0
6712,0
5715,0
11568,1
3293,0
7941,1
7924,1
5737,0
3291,1
11142,1
7213,0
1258,0
2969,0
10657,0
5726,0
2420,1
7183,1
11801,1
3724,1
7379,1
8800,0
996,0
1343,0
11034,0
11805,1
752,0
10732,0
11824,0
5492,1
2808,0
11261,1
5579,0
8483,0
3119,0
1898,1
6474,0
7030,0
8573,0
6146,0
7343,1
941,1
7287,0
5491,1
4725,0
859,0
3846,0
2268,0
10809,0
4834,0
2670,0
6842,1
9550,0
9366,1
11203,1
10096,0
7685,0
4471,1
1465,0
10610,1
5695,0
7688,0
5236,0
11284,1
3214,1
3150,0
1854,0
10316,0
4482,0
8919,0
11181,1
8377,1
2205,0
11769,1
2734,0
8828,1
7367,0
4629,0
7794,0
1704,0
3520,0
10712,0
5180,0
11168,1
3484,1
6542,1
1422,1
6011,0
5272,1
6880,0
6980,0
2640,1
11779,1
1920,1
531,0
11646,1
6360,0
4145,0
2598,1
4713,0
7669,0
2756,0
7056,0
1971,0
2518,1
10086,1
3077,1
4275,0
6227,0
7748,0
7962,1
128,0
2445,0
9146,1
8067,0
807,0
4434,0
8961,0
2821,1
1397,0
1449,0
11820,1
4178,0
7622,1
11346,1
6049,0
9770,0
5109,0
11636,1
11300,1
10899,0
8101,0
3723,0
648,0
11734,1
10115,0
7698,0
357,0
1341,1
8079,0
8863,0
7283,1
11756,1
10864,1
7801,1
5307,0
3924,1
5711,0
10961,1
552,0
11486,1
1552,0
11048,0
3422,0
4207,0
2181,0
11513,1
2500,1
11326,1
3988,0
607,0
8907,1
6384,0
8806,1
11564,0
4933,0
4327,0
5981,0
5835,0
6891,0
6088,0
3366,1
4876,0
8197,0
3449,0
2857,0
7419,1
2425,1
11613,1
943,0
1487,0
7322,1
11229,0
5552,0
1561,1
4770,0
5278,0
10904,1
11693,1
839,0
10926,1
8073,0
9440,0
7159,0
8071,1
10162,0
1514,0
11171,1
3359,0
1813,1
2519,1
6487,0
1282,0
5511,1
11075,0
1097,0
6432,0
6186,0
11172,1
8173,0
6416,0
7298,0
1698,0
11810,1
421,1
2383,0
4801,0
8867,1
2462,0
9758,0
10107,1
7414,0
10313,0
3191,0
10725,1
8644,0
11667,1
2780,0
8174,0
10026,1
4715,0
10128,0
11406,1
9973,0
5663,1
2521,1
5580,0
788,0
4084,0
1655,0
2310,0
3297,1
11430,1
551,0
8296,0
1794,0
3960,0
10276,0
143,0
3053,0
4691,0
7822,1
7102,1
3059,0
10782,1
4223,0
9839,0
2318,1
2144,0
7240,0
8815,0
2778,1
8894,0
10079,0
10041,0
6501,0
11607,1
10123,0
9766,1
9333,0
5742,1
5925,0
1607,0
9027,1
2759,1
8626,1
5643,0
2699,1
8971,0
11732,1
10800,0
5037,0
11327,1
180,0
4082,0
11412,0
6822,1
2081,1
7692,0
7535,0
9987,0
7456,0
6380,0
9694,0
10094,0
10418,0
7326,0
8181,0
2517,0
1024,0
5784,0
2642,0
6085,0
11429,1
1524,0
2119,1
9083,0
949,0
11740,0
5122,0
121,1
9985,0
3061,0
717,0
3695,0
11526,1
11398,0
5587,0
11775,1
9581,0
9850,0
7150,0
4090,0
10184,0
5360,0
2423,1
8078,0
7831,0
1456,0
2624,0
8621,0
9566,1
7812,0
3587,0
11800,1
7082,1
5930,0
1320,0
9742,0
6644,0
7087,0
11772,1
5431,1
2970,0
541,1
10661,1
1568,0
7399,1
2860,0
11081,1
10924,1
11101,1
7919,1
1757,0
11814,1
11144,1
11647,1
5651,0
2282,0
4931,1
3299,0
10409,0
6145,1
887,0
2528,0
783,0
2717,0
7356,0
761,1
3977,0
11449,1
5301,0
9071,0
10606,0
3244,0
9876,0
10976,0
4420,0
532,0
8142,0
7873,0
7482,1
1496,0
6086,0
4119,0
8003,0
181,1
11055,0
4851,1
2359,1
9436,0
4321,0
10337,0
2401,0
11612,1
2281,0
10287,1
3372,0
9119,0
11562,0
1555,0
582,1
11030,0
10783,1
2720,1
2058,1
9326,1
1802,1
8673,0
9072,0
10247,1
11301,1
9551,0
10862,1
7065,0
8493,0
10927,1
4697,0
9149,1
2840,0
8188,1
1,1
4044,1
2592,0
6115,0
1972,0
5527,0
6831,0
6762,1
1461,1
1214,0
11487,1
7446,0
8374,0
2123,1
4014,0
7900,1
1840,0
4109,0
6282,1
9167,1
10076,0
9926,1
7494,0
4787,0
11651,1
10863,1
2641,0
4375,0
1168,0
3591,0
7092,0
11035,0
11605,1
5470,0
3025,1
8935,0
2829,0
7606,0
9668,0
2118,1
5374,0
2762,0
1370,0
8646,1
11670,1
10031,0
10109,0
3662,0
8042,1
5725,0
2638,1
5712,0
3360,0
4513,0
5031,1
7400,0
1809,1
7223,1
10731,0
4366,0
11041,1
4842,0
9815,0
1721,1
33,0
5588,0
2659,1
1897,0
4339,0
10050,0
11650,1
5080,0
10747,0
8656,0
10819,0
1300,0
7286,0
1521,1
1396,0
3334,0
7303,1
8946,1
5113,0
2667,0
11115,0
2645,0
11609,1
8168,1
2117,0
1722,1
9033,0
11170,1
6402,1
11735,1
1931,0
2507,0
5862,1
11761,1
10106,1
11789,1
9339,0
6042,1
581,1
11795,1
4252,1
688,0
4212,1
3357,0
1778,0
1549,0
338,0
10861,1
11665,1
6863,0
8123,0
6832,0
2879,0
1899,1
817,0
11672,1
1056,0
8059,1
311,0
7823,1
9406,1
5406,0
2520,1
11193,1
11334,0
9707,1
10042,0
8299,0
8507,0
8652,0
11677,1
7835,0
9528,1
3298,0
5583,0
10074,0
10921,1
38,0
5191,0
85,0
362,0
3930,0
4106,0
593,0
7654,0
3231,0
2864,0
6722,1
4388,0
7984,1
8129,1
2279,1
19,0
7239,0
786,0
42,1
2061,1
7852,0
2486,0
10534,1
11185,1
11645,1
5164,0
5619,0
11511,1
8222,0
117,0
9213,0
4094,1
7800,1
3253,0
2378,1
9202,0
5789,0
8627,1
4312,0
1262,1
374,0
8341,0
10073,0
740,0
11686,1
4500,0
8288,1
7208,0
3575,0
9523,0
10046,1
9750,0
8340,0
10609,1
7762,0
5982,1
4445,0
11662,1
8319,0
4945,0
10387,1
8019,1
2618,1
6587,0
4879,0
7886,0
8749,1
11186,1
5881,0
8498,0
9995,0
3394,1
3039,1
3108,0
4688,0
10949,0
3470,0
3904,1
3790,0
6429,0
802,1
10680,0
402,1
5449,0
11283,1
392,0
1488,0
10077,0
1161,1
243,0
6988,0
1248,0
9547,0
11597,1
5950,0
542,0
11626,1
3804,1
10201,0
9318,0
3563,0
8100,0
1373,0
10549,0
10138,0
8360,0
1414,0
8058,0
5734,0
4644,0
6161,0
9554,0
6336,0
1825,1
1019,0
6488,0
6349,0
9320,0
539,0
6697,0
10054,0
282,1
7627,0
9960,0
7582,0
601,1
4969,0
8153,0
9600,0
4638,0
9413,0
7226,0
11476,0
7699,1
5642,1
1532,0
7540,1
826,0
7390,0
10923,1
9400,0
3720,0
7103,1
8468,0
9254,0
9207,1
6892,0
4768,0
5480,0
1980,1
211,0
3133,0
292,0
5525,0
9173,0
163,0
3485,1
9055,0
3664,1
9691,0
11098,0
4360,0
3797,0
801,1
2925,0
8189,1
11131,0
2459,1
9829,0
3689,0
10671,0
6241,0
2256,0
2708,0
1299,0
222,0
4332,0
5535,0
102,1
2979,1
9186,1
10229,0
6905,0
6484,0
10057,0
3913,0
7291,0
8448,0
5405,0
11386,1
3219,0
2652,0
7783,1
10386,1
6591,0
11617,1
10466,1
10566,0
11766,1
6618,0
5655,0
11395,0
2101,1
10208,0
1736,0
7754,0
11432,1
474,0
8500,0
11681,1
8051,0
8198,0
5330,0
3568,0
9395,0
3942,0
11304,1
6396,0
2179,1
1398,0
6492,0
8070,1
8990,0
5824,0
3226,0
3147,1
6453,0
3610,0
902,1
2992,0
10703,0
87,0
2578,1
3717,0
10722,1
1401,1
2820,1
11037,0
2634,0
241,1
8373,0
4525,0
3229,0
343,1
7638,0
9544,0
6143,1
4685,0
2207,0
11279,1
4891,1
876,0
3246,0
9855,0
165,0
6841,0
3604,1
177,0
2241,1
11798,1
482,1
2730,0
9682,0
1731,0
11587,1
10013,0
2371,0
2747,0
11792,1
1375,0
10373,0
2886,0
2478,1
2479,1
3034,0
225,0
4377,0
5155,0
743,1
4974,0
1847,0
11462,0
2929,1
7489,0
11539,1
9289,1
6622,1
2535,0
5833,0
11087,1
5498,0
6942,1
5722,1
644,0
1995,0
7005,0
4719,0
8630,1
602,1
4135,0
758,0
7980,1
1066,0
11287,1
2335,0
7204,1
10776,0
7429,0
4831,1
11819,1
3000,0
2620,1
3023,0
9233,0
7032,0
11606,1
4269,0
5683,1
6342,1
10490,0
641,1
36,0
945,0
10762,0
9407,0
5952,0
11294,1
7970,0
10273,0
8248,1
8705,0
8312,0
3842,0
2151,0
700,0
5448,0
7122,1
6917,0
10492,0
4927,0
11644,1
5641,0
7581,0
2792,0
3564,1
5181,0
909,0
8726,1
9386,1
4408,0
1406,0
1961,0
9046,1
7027,0
6509,0
7243,1
10604,0
2345,0
11303,1
6421,0
8654,0
4686,0
301,1
8747,1
7657,0
1880,1
4452,0
7042,1
318,0
9690,0
6789,0
10690,0
4447,0
4556,0
11437,0
9316,0
1371,0
6438,0
10931,0
258,0
10006,1
6961,0
8579,0
11492,1
744,1
2254,0
4611,1
1750,0
7500,1
7674,0
1635,0
10070,0
2768,0
7860,1
8970,0
2226,0
7830,0
10930,1
10412,0
4148,0
116,0
11183,1
11366,1
7986,0
3867,0
9035,0
5796,0
8180,0
806,0
8328,0
3626,1
2605,0
10777,0
1824,1
8547,0
2239,1
2846,0
7562,0
10494,1
7670,0
3454,1
504,0
3844,1
337,0
10081,0
3675,0
3455,1
11024,0
11052,0
2198,1
6727,0
7982,1
8540,0
2838,1
2709,0
4791,1
1321,1
1858,1
11797,1
7381,1
5293,0
6168,0
10058,0
11739,1
976,0
10649,0
5602,1
5564,0
1603,0
5411,1
4711,1
10554,0
3645,0
8355,0
6522,1
5828,0
11331,0
8272,0
3921,0
1494,0
6502,1
7785,1
9788,0
1234,0
8629,1
10310,0
3057,1
5709,0
4351,1
4989,0
3824,1
8881,0
1724,1
8653,0
11495,1
3306,0
8664,0
3002,0
10981,1
9957,0
7062,1
9832,0
9206,1
8428,0
11381,0
8886,1
9592,0
10613,0
4467,0
1211,0
2562,0
8969,1
2473,0
7012,0
3198,0
11815,1
11504,0
4279,0
9181,0
11241,1
9255,0
8287,1
4251,1
8166,0
326,0
11780,1
4489,0
4850,0
10592,0
7889,0
11603,1
2871,0
9266,1
7184,1
6605,0
3320,0
10268,0
11305,1
1714,0
1805,1
8489,0
8387,0
7642,0
9685,0
11431,1
9760,0
6457,0
11073,0
8021,0
8095,0
8228,1
7207,0
111,0
7721,1
3531,0
274,0
9841,0
3767,1
11404,0
2499,1
6149,0
11592,1
2447,0
11071,0
11596,1
1154,0
5426,0
8580,0
11206,1
7036,0
6424,1
10628,0
322,1
1723,1
11312,0
11760,1
9329,0
8878,0
1381,1
10266,1
1810,1
9221,0
1275,0
3232,1
4479,0
5929,0
977,0
5830,0
2990,0
8413,0
4226,0
6362,1
1042,1
11642,1
152,0
11816,1
9886,1
4970,0
10708,0
3353,0
203,1
5707,0
11567,1
9984,0
462,1
10425,0
6422,1
9009,0
4053,0
4585,0
7701,1
11117,0
1201,1
7782,1
5916,0
5157,0
8981,0
7340,0
5230,0
4422,0
9432,0
11141,1
10766,0
6513,0
142,1
11320,0
7050,0
9287,1
10018,0
3091,0
6665,0
4932,1
3907,0
11532,1
3110,0
5902,1
7317,0
3760,0
2457,0
11433,1
2733,0
5822,1
1604,0
4272,1
8968,1
1276,0
5061,0
10726,1
10781,1
5622,1
5385,0
6827,0
10774,0
7447,0
1826,1
10225,0
3273,1
6546,0
5705,0
2400,1
10658,0
6669,0
8734,0
776,0
10071,0
4230,0
4506,0
4811,1
6844,0
4436,0
11530,1
3990,0
10686,0
2460,1
1893,0
1915,0
11622,1
2534,0
2399,1
11678,1
5444,0
6858,0
5370,0
2577,0
11161,1
2853,0
6845,0
8521,0
6635,0
7105,1
9812,0
8018,0
8366,0
7352,0
11293,1
10105,0
7488,0
5782,1
8751,1
1921,1
970,0
11583,1
5710,0
8046,0
4362,0
5853,0
997,0
8165,0
7463,0
9962,0
3684,1
9785,0
6619,0
9218,0
5962,1
11199,1
1342,1
8527,0
4114,1
5125,0
8307,0
9458,0
4849,0
9138,0
5221,0
11208,1
8000,1
1241,1
1267,0
1152,0
11758,1
2689,0
7740,1
4159,0
7539,1
10110,0
5021,0
3761,0
5270,0
564,0
4902,0
7380,1
11289,1
1984,0
8989,1
2980,0
11517,1
7149,0
10738,0
8610,0
10017,0
9819,0
11382,0
11297,1
6142,1
6125,0
10998,0
4005,1
1861,1
11400,0
353,0
11630,1
11348,1
9208,1
1860,1
11215,1
11469,0
7759,1
704,0
8302,0
11478,0
856,0
4616,0
496,0
2260,0
10354,0
8932,0
2574,0
11510,1
11464,0
5314,0
2774,0
7126,0
9026,1
11604,1
4620,0
1325,0
4607,0
7621,1
1998,1
849,0
4853,0
2800,1
7533,0
11473,0
8567,0
4326,0
1361,1
2509,0
6704,0
3439,0
7011,0
2749,0
1544,0
9917,0
11528,1
193,0
10851,0
5371,1
7177,0
8412,0
8906,1
2122,1
4291,1
2758,1
9565,0
11166,1
5582,1
10051,0
3584,1
5840,0
1239,0
8022,0
1261,1
7949,0
5217,0
3708,0
3612,0
4848,0
11655,1
11796,1
3541,0
4064,1
6442,1
5697,0
851,0
3603,0
1742,1
1683,1
9227,1
11578,1
9721,0
3694,0
11237,0
6963,1
11239,1
3582,0
8684,0
3347,0
6633,0
3200,1
9686,1
3944,1
11624,1
8619,0
4589,0
2924,0
5388,0
7571,0
4483,0
9473,0
2920,0
7920,1
8253,1
11474,0
11227,0
7879,1
11315,0
7797,0
9293,1
2392,0
11614,1
4906,0
8706,1
3327,0
3544,1
3233,0
6251,0
5315,0
9587,1
4792,1
792,0
9908,0
7767,0
11023,0
11788,1
9613,0
3420,0
2870,0
4766,0
2825,0
9028,1
3965,0
5224,0
11329,0
3386,0
4415,0
236,0
8731,0
11028,0
8305,0
2781,0
3335,0
9346,1
10327,0
7483,1
1726,1
8135,0
7620,1
11648,1
11598,1
11783,1
3586,1
10552,1
2892,1
10322,0
4660,0
11252,0
6703,0
5345,0
9538,0
5338,0
6082,1
11637,1
10286,1
625,0
4111,0
7464,0
2810,0
361,1
1932,0
1481,1
8509,0
3222,0
1808,1
8829,1
11364,0
7981,1
1264,0
11371,0
3167,1
10922,1
4261,0
7491,0
9746,1
10528,0
7197,0
4874,0
2660,1
7737,0
8759,0
6057,0
5985,0
7262,1
11291,1
1834,0
10228,0
9703,0
9204,0
5904,0
3706,0
11167,1
10815,0
10842,0
7363,1
6171,0
3269,0
9330,0
9695,0
4895,0
4043,0
11633,1
11628,1
10545,0
9462,0
11527,1
455,0
780,0
5610,0
4134,1
11785,1
11121,1
9726,1
8177,0
7242,1
7257,0
3309,0
6745,0
4116,0
8786,1
4706,0
10840,0
5978,0
10346,1
729,0
2849,0
1935,0
1542,0
7097,0
11691,1
1912,0
6482,1
2767,0
10521,0
2132,0
8481,0
7679,1
2698,1
1841,1
7705,0
11822,1
11685,1
11703,0
2121,1
11212,1
5295,0
6061,0
3901,0
11577,1
4944,0
6452,0
7706,0
2396,0
8309,0
7549,0
543,0
6879,0
5802,1
9365,0
10391,0
10484,0
11118,0
473,0
1085,0
10557,0
6343,0
9267,1
3419,0
1966,0
413,0
8025,0
7125,0
10653,0
9010,0
10020,0
3188,0
6444,0
4245,0
7637,0
1009,0
3118,0
11551,1
10894,0
7058,0
1792,0
1877,0
714,0
9810,0
422,1
10015,0
1232,0
5577,0
8966,1
1781,1
6923,0
11625,1
7530,0
2718,1
6922,1
8854,0
10385,0
1390,0
1681,1
9258,0
7559,1
2674,0
9736,0
8229,1
4399,0
9066,1
11586,1
7459,1
10137,0
4167,0
6982,0
7345,0
119,0
11757,1
1653,0
2439,1
3206,1
1801,1
1601,1
10865,1
6354,0
4714,0
6316,0
6209,0
517,0
7501,1
2842,0
10383,0
7256,0
5452,0
6117,0
1728,0
11213,1
8928,1
2619,1
4086,0
5018,0
10841,1
3578,0
8391,0
9422,0
701,1
7353,0
2989,0
821,1
861,1
11211,1
7205,1
814,0
5779,0
10240,0
7142,1
8251,1
9021,0
1845,0
8485,0
5621,0
8430,0
8159,0
11054,0
8742,0
3978,0
11442,0
6122,1
1663,1
8967,1
10903,1
7901,1
294,0
9935,0
7839,1
3074,0
3432,1
5719,0
11163,1
5567,0
5996,0
9301,0
11471,0
11531,1
7641,1
702,0
3971,0
148,0
6344,0
5127,0
6271,0
9505,0
3746,0
5007,0
10226,1
9806,1
2092,0
10014,0
9147,1
1181,1
11774,1
10593,1
7636,0
5484,0
11082,1
10666,0
9520,0
9786,1
6397,0
1256,0
11088,1
11057,0
3704,1
5736,0
4727,0
855,0
9701,0
3172,0
5257,0
7741,1
5015,0
2672,0
5432,0
6320,0
3696,0
5701,0
7968,0
5190,0
2510,0
7883,1
5819,0
11584,1
3865,1
4385,0
522,1
11660,1
1939,1
276,0
11182,1
3215,1
5906,0
381,1
10241,0
11547,1
2719,1
3193,0
4911,1
3089,0
11187,1
221,1
2039,1
3718,0
5666,0
7991,0
10787,0
344,0
11550,1
11540,1
2894,0
2603,0
825,0
3414,1
5795,0
1793,0
75,0
2145,0
2404,0
4378,0
7144,0
61,1
16,0
6933,0
989,0
8109,0
1924,0
6062,1
4823,0
4778,0
5864,0
8410,0
7959,1
7365,1
6985,0
6868,0
11552,1
9226,1
68,0
461,1
3559,0
11311,0
6222,1
7700,1
11538,1
1096,0
7690,0
5333,0
3182,1
11627,1
1581,1
5194,0
1157,0
10288,0
1867,0
11572,1
11818,1
11494,1
9101,0
439,0
10901,1
7819,1
9878,0
7267,0
2056,0
10126,0
8929,1
4574,0
9292,1
4401,0
550,0
7038,0
2458,1
2148,0
10270,0
4509,0
3086,0
1768,0
5754,0
3296,1
11188,1
2174,0
3384,0
11657,1
2798,1
360,0
2466,0
1756,0
3376,0
3212,0
3097,0
1413,0
11085,1
24,0
10297,0
7541,1
334,0
11742,0
7145,0
1690,0
6097,0
9920,0
4443,0
5415,0
10267,1
7282,1
8345,0
4575,0
720,0
11544,1
4893,0
4358,0
4962,0
9966,1
7519,1
708,0
8106,0
10642,1
1640,0
10550,1
9047,1
7202,1
6270,0
8778,0
3462,0
4656,0
3395,0
11559,0
5832,0
8924,0
5420,0
3975,0
11491,1
705,0
9252,0
9930,0
10728,1
5254,0
966,0
9298,0
8866,1
9639,0
5812,0
10060,0
9044,0
9019,0
1906,0
3936,0
11214,1
10063,0
1101,1
2678,1
2201,1
7406,0
6346,0
4194,0
5465,0
1934,0
6642,1
11280,1
11466,1
7081,0
1438,0
6971,0
9122,0
2443,0
4684,0
2755,0
915,0
10881,1
10303,0
8099,0
7675,0
7442,0
9415,0
6322,1
3495,0
5509,0
11643,1
7961,1
3488,0
9778,0
10190,0
4517,0
1349,0
5006,0
5724,0
11548,1
11602,1
250,0
10918,0
11600,1
9698,0
5422,0
10674,0
8594,0
2403,0
2158,1
1197,0
9441,0
2468,0
4683,0
7702,1
9161,0
447,0
6847,0
11537,1
2935,0
2189,0
7880,1
7211,0
1763,0
11143,1
3475,0
10607,0
11403,0
7182,1
3294,0
3754,0
10456,0
9865,0
4655,0
4971,1
6403,0
6967,0
7760,1
8192,1
7304,0
614,0
5038,0
3681,0
681,1
9675,0
6649,0
5044,0
9540,0
6910,0
759,0
9846,1
7231,0
9828,0
11178,1
10326,1
2218,1
7723,0
2180,1
5071,1
7661,0
3375,0
5967,0
11705,0
5247,0
3825,0
10474,0
11515,1
9467,1
1888,0
9502,0
6254,0
3785,1
8218,0
8748,1
4731,1
6195,0
4210,0
8040,1
8461,0
8923,0
7878,0
6370,0
11767,1
10029,0
9866,1
10139,0
621,1
6692,0
10341,0
10990,0
2895,0
4531,1
2837,0
2572,0
5463,0
9469,0
11013,0
394,0
4946,0
11191,1
2932,0
9368,0
6219,0
1658,0
2715,0
5861,0
7007,0
3310,0
5922,1
4072,0
9188,0
9036,0
1404,0
257,0
11615,1
161,1
5691,0
2498,1
171,0
3872,0
3504,1
9347,0
11533,1
11184,1
7308,0
2493,0
10721,1
11508,1
921,1
8792,0
11707,0
561,1
11610,1
9355,0
10019,0
3784,1
11281,1
6856,0
5342,0
5136,0
969,0
5123,0
2258,1
10520,0
9006,1
8243,0
2138,1
9037,0
881,1
10291,0
10191,0
3812,0
202,1
6643,0
694,0
8690,0
11723,0
10962,1
6599,0
159,0
4158,0
3326,0
11632,1
9667,1
5842,1
9491,0
1578,0
5352,0
3685,1
10579,0
4376,0
2887,1
414,0
5973,0
11313,0
5400,0
9678,0
3618,0
4262,0
11296,1
2300,1
2155,0
10943,0
2736,0
10448,1
5880,0
11138,0
1501,1
1580,0
7780,1
11554,1
874,0
11330,0
11021,1
6489,0
9291,1
189,0
1823,1
6020,0
5961,0
1110,0
11737,1
9052,0
2238,1
9078,0
11290,1
1274,0
4407,0
4289,0
5193,0
519,0
11733,1
6382,1
9261,0
2760,1
5593,0
6305,0
2936,0
6946,0
442,0
1842,1
3809,0
11663,1
5451,1
136,0
2304,0
880,0
10699,0
11833,0
11634,1
4099,0
9410,0
10844,0
11217,1
6102,1
1849,0
2332,0
1436,0
7072,0
6514,0
312,0
3099,0
4319,0
5951,0
3983,0
1146,0
10982,1
11347,1
10719,0
8454,0
11262,1
3204,0
8973,0
7420,1
11821,1
3453,1
6908,0
11653,1
7999,1
3854,0
4128,0
3876,0
4601,0
6013,0
11709,0
5522,1
9901,0
4797,0
5053,0
5393,0
5487,0
2950,0
238,0
4307,0
4292,1
4074,1
3137,0
10831,0
4755,0
11804,1
3426,0
11558,0
6582,1
8514,0
2221,1
7567,0
2234,0
4030,0
11209,1
8194,0
9157,0
2093,0
387,0
7359,0
7868,0
6408,0
1804,1
11180,1
3318,0
7887,0
8363,0
11189,1
10729,1
1536,0
4263,0
10098,0
2225,0
6410,0
8065,0
9578,0
8223,0
9702,0
11802,1
3756,0
834,0
10457,0
1023,0
8208,1
5604,0
6677,0
9272,0
2175,0
9288,1
6266,0
1064,0
5,0
4350,0
1215,0
7161,0
9341,0
5941,0
9345,0
10446,1
9442,0
7893,0
11746,0
3041,0
2971,0
11145,0
8561,0
3014,0
321,1
7966,0
2599,1
9844,0
11084,1
2600,1
3496,0
6023,1
6022,1
1078,0
9017,0
1111,0
5817,0
2494,0
4771,1
11576,1
11392,0
7158,0
7922,1
1713,0
10390,0
5857,0
11787,1
10778,0
1916,0
11621,1
7309,0
10681,1
3374,0
8060,0
6151,0
8087,0
1221,1
9148,1
7203,1
10227,1
6947,0
11292,1
2052,0
4341,0
1128,0
7940,1
7568,0
5908,0
10563,0
8156,0
8927,1
9438,0
1811,1
6064,0
9484,0
606,0
2358,1
11595,1
7263,1
6170,0
7845,0
2178,1
7624,1
2557,0
5781,0
1285,0
7532,0
9166,1
5542,1
7023,0
7942,1
11639,1
11753,1
7162,1
8728,0
781,1
6445,0
1541,1
7943,1
4907,0
2413,0
8297,1
4862,0
1271,0
1740,0
2565,0
6248,0
6791,0
8807,1
1846,0
10186,1
2397,0
3535,0
3745,1
6638,0
7366,0
7596,0
9242,0
1729,0
7964,1
5882,1
2702,1
8909,0
6742,1
8887,1
8076,0
9077,0
1821,1
23,1
6648,0
10723,1
9115,0
2069,0
5471,1
7537,0
10496,1
5748,0
6326,0
6608,0
7960,1
4311,0
8084,0
7824,1
8089,0
1656,0
95,0
5092,1
3750,0
10866,1
3271,1
7520,1
7815,0
10102,0
1284,0
10538,0
992,0
7586,0
11210,1
7490,0
2436,0
10514,1
6460,0
9963,0
5677,0
1554,0
10255,0
3891,0
2062,1
9579,0
8849,1
11164,1
2110,0
7358,0
7305,0
3808,0
9915,0
3701,0
3683,0
9162,0
7951,0
9096,0
11063,1
1848,0
4225,0
7244,1
10672,0
592,0
7781,1
724,0
11784,1
9290,1
6103,1
5004,0
846,0
10097,0
1202,0
1086,0
7063,1
10196,0
1919,1
8148,1
1054,0
6465,0
2036,0
3858,0
5453,0
1651,0
10546,0
1735,0
9081,0
11240,1
2,1
10232,0
10828,0
5372,0
8763,0
9109,1
3049,0
2165,0
4058,0
11771,1
11823,1
7099,0
11174,1
11669,1
3585,1
9107,1
11566,1
8787,1
6262,1
2227,0
7337,0
11680,1
1323,1
7397,0
6420,0
11302,1
11195,1
8589,0
10177,0
1829,0
1559,0
5681,0
7644,0
1008,0
10366,1
894,0
2526,0
8678,0
4852,0
2038,1
11005,0
2105,0
11807,1
5474,0
10805,0
8043,1
3132,0
7560,1
9953,0
2311,0
8178,0
10458,0
6359,0
5212,0
770,0
88,0
10008,0
5562,1
8191,1
67,0
1694,0
930,0
8068,1
1707,0
8827,1
8434,0
9241,0
3644,1
4080,0
9674,0
971,0
1662,1
3565,0
1582,0
9662,0
11817,1
45,0
5970,0
5614,0
6962,1
3556,0
10447,1
7875,0
10906,1
8066,0
11151,0
10134,0
6281,0
8559,0
5070,0
10879,0
11754,1
9535,0
1391,0
11738,1
10977,0
7640,1
11228,0
131,0
9906,1
640,0
2291,0
10846,0
3009,1
5931,0
690,0
6045,0
10555,0
6945,0
11666,1
8987,1
8638,0
9646,1
7,0
9240,0
11827,0
11585,1
4765,0
8902,0
1807,1
9372,0
2959,1
5640,0
11543,1
10630,0
489,0
11475,0
2022,0
201,1
3102,0
4383,0
9374,0
6264,0
10569,0
9143,0
4029,0
4637,0
2985,0
2546,0
3744,1
10175,0
11179,1
11803,1
8290,0
1177,0
3117,1
10755,0
4886,0
0,1
4751,1
6612,0
1340,0
577,0
6951,0
5661,0
3536,0
6735,0
9435,0
2085,0
7939,1
6244,0
7035,0
11460,0
1822,1
11059,0
2102,1
10187,0
7616,0
2558,1
4125,0
8650,0
3062,0
231,0
9980,0
2912,1
4314,0
10135,0
1918,1
8249,1
895,0
6625,0
5659,0
4728,0
7344,0
11661,1
10941,0
5863,1
1140,0
11764,1
2738,1
8926,1
2994,0
3989,0
3777,0
6878,0
342,1
281,1
5896,0
10347,0
10821,1
11549,1
10306,1
2071,0
11435,1
9082,0
4996,0
11103,0
7255,0
6144,1
7938,0
3656,0
7774,0
9689,0
8381,0
320,0
4953,0
7307,0
6652,0
2230,0
3152,0
1881,1
10631,0
11620,1
4573,0
5083,0
8349,0
5838,0
4578,0
11123,1
356,0
2427,0
8788,1
11635,1
2700,1
11190,1
9684,0
6520,0
188,0
9268,1
3633,0
4015,0
4367,0
7297,0
377,0
10510,0
7928,0
675,0
5146,0
373,0
5170,0
7948,0
4107,0
3165,0
3946,1
4477,0
3709,0
7389,0
10146,1
9651,0
9049,1
424,1
9852,0
5424,0
6553,0
1958,1
7499,1
210,0
2418,1
6747,0
4790,0
11623,1
5271,1
1069,0
261,1
7749,0
3242,1
7342,1
5946,0
914,0
5024,0
3482,0
11260,1
4231,1
1062,1
1938,1
8184,0
6714,0
10156,0
11152,0
2828,0
2580,1
7502,1
11601,1
2930,0
9151,1
7439,1
11594,1
8842,0
8279,0
1743,1
1744,1
8308,0
6202,1
8789,1
10701,1
5056,0
11811,1
3092,0
41,1
4271,1
2905,0
3964,1
11629,1
8170,1
8956,0
6829,0
8538,0
5645,0
573,0
4490,0
2766,0
5944,0
7083,1
6766,0
11534,1
6392,0
10282,0
1380,0
1441,1
4820,0
1303,0
3,1
5188,0
8916,0
4780,0
6960,0
4240,0
8766,1
7847,0
5087,0
7643,0
7732,0
3127,1
9743,0
1021,1
2063,1
11516,1
9098,0
8975,0
6173,0
9012,0
5506,0
10426,1
5647,0
3011,0
2388,0
2982,0
7687,0
2888,0
5850,0
2064,1
10780,0
10072,0
11218,1
11512,1
3113,0
441,1
6695,0
10741,1
8238,0
9993,0
11808,1
2865,0
7245,1
518,0
11676,1
11638,1
7720,1
9117,0
8258,0
4993,0
2639,1
7469,0
8888,1
10669,0
4428,0
1857,0
8711,0
7253,0
1539,0
1209,0
661,1
9792,0
2419,1
9108,1
6175,0
5983,1
9885,0
7853,0
5331,1
1975,0
4915,0
9043,0
6059,0
7820,1
10884,1
7324,0
8662,0
1691,0
1617,0
5809,0
9998,0
4076,0
2497,0
2065,1
9311,0
3316,1
10508,0
254,0
8874,0
11683,1
3693,0
5762,1
9861,0
1292,0
3145,0
7983,1
6896,0
11692,1
769,0
10786,0
4947,0
4587,0
7739,1
1139,0
11298,1
3281,0
11242,1
5298,0
1354,0
11426,1
6659,0
8128,1
3184,0
11285,1
2377,0
1495,0
3481,0
4216,0
7882,1
50,0
8608,0
6123,1
5391,1
3409,0
8752,1
5466,0
5674,0
5890,0
5755,0
11119,0
6562,1
10482,1
3321,0
674,0
11674,1
6581,0
11777,1
3624,1
11830,0
8908,1
7846,0
7746,0
4639,0
6106,0
8732,0
7818,0
5699,0
3378,0
81,1
6702,1
5607,0
4404,0
4885,0
3649,0
7881,1
5942,1
3956,0
9106,1
11569,1
1433,0
7227,0
2199,1
8250,1
198,0
8044,1
4335,0
8868,1
1491,0
8230,1
499,0
4737,0
10920,0
2249,0
5672,0
10124,0
6764,0
6485,0
9308,1
34,0
1130,0
5081,0
4096,0
372,0
9958,0
3064,0
797,0
6549,0
6423,1
7185,0
6623,1
901,1
10736,0
