6002,1
1447,0
10676,0
7212,0
11658,1
11197,1
7576,0
3171,0
141,1
10724,1
401,1
2552,0
642,1
6279,0
11793,1
9867,1
3024,1
8939,0
2703,1
8760,0
3515,0
494,0
8378,0
10997,0
3452,1
2017,0
10488,0
8557,0
1121,1
11249,0
10388,1
10188,0
1571,0
7222,1
10262,0
11755,1
4515,0
407,0
1661,1
11725,0
5919,0
9060,0
4273,0
10279,0
146,0
4803,0
4800,0
2579,1
2442,0
3083,0
7418,0
11675,1
2362,0
9048,1
11791,1
1855,0
7039,0
1281,1
3857,0
686,0
5159,0
11765,1
9223,0
8338,0
11387,0
4937,0
7908,0
11106,0
9626,1
6682,1
10928,1
893,0
7779,1
1641,1
9,0
9506,1
3625,1
11020,0
1125,0
1534,0
3201,1
1806,1
6205,0
1968,0
5878,0
1366,0
8032,0
11207,1
395,0
8171,0
8015,0
9228,0
2802,0
11299,1
1492,0
7139,0
8791,0
1283,0
10587,0
6351,0
1665,0
1843,1
4662,0
11043,1
11314,0
367,0
6873,0
5419,0
11751,0
3623,0
7364,1
3549,0
3940,0
9586,1
8014,0
11236,0
6458,0
11272,0
2650,0
2220,1
8451,0
7805,0
8482,0
8379,0
6034,0
4813,0
5332,0
8636,0
323,1
7618,0
9279,0
10876,0
11127,0
11555,0
4739,0
6939,0
10958,0
2771,0
3598,0
2278,1
8938,0
11169,1
8512,0
1970,0
10902,1
4294,0
8735,0
2927,0
9774,0
6756,0
9990,0
6837,0
6782,1
3159,0
11580,1
11113,0
7015,0
1294,0
1027,0
3217,0
3416,0
8167,0
3751,0
7002,1
9231,0
488,0
8741,0
11157,0
5851,0
8593,0
9555,0
7479,1
2581,1
3141,0
4196,0
3764,1
2298,1
787,0
9947,1
1533,0
2799,1
60,0
3406,0
10314,0
245,0
11042,1
973,0
647,0
639,0
1450,0
1102,1
5533,0
3423,1
3631,0
8666,1
4176,0
5336,0
560,0
9105,0
10548,0
2819,1
2018,1
306,0
11599,1
10147,1
6441,0
3487,0
10095,0
7851,0
1253,0
8737,0
3390,0
1235,0
11465,0
8270,1
1018,0
6709,0
132,0
11204,1
4496,0
9863,0
10047,1
82,0
3729,0
5575,0
12,0
5493,0
2966,0
1949,0
7639,1
134,0
4781,0
11446,1
2398,1
1206,0
4583,0
1944,0
9234,0
5475,0
11192,1
9238,0
11165,1
4001,0
9594,0
4485,0
10027,0
4909,0
8677,0
10145,0
8329,0
860,0
2019,1
4024,1
4670,0
4238,0
8072,1
433,0
1701,1
8671,0
3446,0
10905,1
11367,1
11259,1
8774,0
9401,0
5418,0
9093,0
9834,0
8041,1
11255,0
1265,0
10752,0
10655,0
4027,0
9133,0
4340,0
8399,0
3021,0
5787,0
3803,0
8235,0
6436,0
1686,0
3648,0
5702,1
5458,0
7744,0
5225,0
11590,1
11687,1
695,0
1322,1
10573,1
9307,1
1682,1
4302,0
2078,1
9708,1
11704,0
6203,0
4837,0
9495,0
9024,0
7362,1
10357,0
11434,1
11770,1
11611,1
2333,0
5362,0
2772,0
9822,0
3377,0
9525,0
6353,0
10495,1
4530,0
11286,1
6543,0
6741,0
11524,0
5077,0
6431,0
10801,1
8437,0
2939,1
10933,0
2461,1
2735,0
5479,0
2523,1
4700,0
4288,0
2593,0
7247,1
1462,0
7120,0
7043,1
1737,0
8002,0
7450,0
9150,1
7480,1
523,1
366,0
1797,0
10406,1
2496,0
8550,0
8039,1
7323,1
10543,0
4758,0
43,1
9945,0
3010,1
3884,1
2147,0
9195,0
7985,1
2267,0
4997,0
2342,0
741,1
9631,0
8214,0
610,0
7236,0
11588,1
8348,0
3415,1
6302,1
6676,0
430,0
1444,0
2858,1
11401,0
1976,0
52,0
6673,0
9946,1
6003,0
8771,0
10758,0
1137,0
798,0
8875,0
10964,1
11194,1
284,0
742,1
30,0
5130,0
2538,1
11070,0
1411,0
10622,0
2707,0
8145,0
5757,0
4469,0
1506,0
7448,0
5402,0
6531,0
11361,0
10955,0
3499,0
3766,1
4553,0
596,0
7260,0
7569,0
7623,1
11589,1
10539,0
11679,1
11436,1
5173,0
9295,0
8750,1
11641,1
4369,0
11781,1
4468,0
9611,0
4211,1
2949,0
8069,1
11790,1
2816,0
4083,0
1185,0
8795,0
867,0
4901,0
5016,0
2965,0
7315,0
8088,1
9095,0
6890,0
11489,1
11553,1
2484,0
5110,0
9277,0
9666,1
10627,1
8138,0
7085,0
481,1
6950,0
8370,0
10315,0
11809,1
8988,1
10792,0
9074,0
6192,0
9659,0
7123,1
4726,0
8432,0
1876,0
1061,1
11483,0
8131,0
2839,1
7584,0
21,1
10330,0
634,0
8186,0
4883,0
7589,0
11295,1
4411,1
2213,0
11536,1
3621,0
1671,0
11763,1
3085,0
1959,1
7866,0
9974,0
5556,0
11546,1
9076,0
8472,0
425,1
5553,0
6415,0
3417,0
11196,1
8826,1
3619,0
7246,1
1992,0
2021,1
9486,1
240,0
10212,0
2079,1
63,0
7200,0
4387,0
11591,1
5868,0
11682,1
11288,1
1774,0
7979,1
1273,0
11044,1
11488,1
8535,0
4856,0
8999,0
2405,0
1425,0
7517,0
4398,0
3650,0
2843,0
8470,0
10929,1
1022,1
11759,1
7719,1
4458,0
8885,0
1978,1
412,0
948,0
4352,0
10730,1
2668,0
10880,0
10635,0
9402,0
2794,0
6802,1
9873,0
8949,0
5011,1
6706,0
3841,0
7329,0
11506,1
10417,0
3574,0
1630,0
11688,1
6792,0
1001,1
3457,0
6687,0
5292,0
7104,1
7524,0
3765,1
5629,0
11717,0
7971,0
6290,0
3032,0
3639,0
6307,0
2219,1
5630,0
7859,1
7686,0
9086,1
2143,0
1193,0
9996,0
6258,0
7608,0
438,0
1940,1
10423,0
5496,0
1979,1
11162,1
11619,1
5408,0
3970,0
7396,0
1081,1
1862,1
1147,0
7349,0
6184,0
2020,1
8298,0
2042,0
8064,0
2502,0
5219,0
3896,0
8716,0
7963,1
10756,0
4204,0
11451,1
1416,0
5455,0
11652,1
8359,0
7296,0
2004,0
2438,1
1761,1
10537,0
11159,0
10567,1
1621,1
3622,0
11282,1
3710,0
10370,0
10883,1
252,0
10553,0
5387,0
5339,0
6169,0
10449,0
7619,1
11649,1
1937,0
11243,1
2815,0
8402,0
4900,0
8376,0
10164,0
11257,0
5200,0
7799,1
6189,0
11813,1
7965,1
7163,1
10547,0
3509,0
1569,0
2299,1
9215,0
2060,1
597,0
4193,0
3026,1
1470,0
6989,0
6889,0
9445,0
2485,0
4960,0
206,0
9647,1
6388,0
2416,0
4153,0
8746,1
5288,0
6253,0
11529,1
3199,0
3005,0
7988,0
2100,1
1362,0
78,0
1572,0
721,1
5111,1
10984,0
1162,0
11216,1
11747,0
7649,0
4004,1
2566,0
2099,1
8127,0
6899,0
5318,0
1585,0
6234,0
8369,0
1914,0
10965,1
9179,0
5355,0
7544,0
5229,0
364,0
423,1
11201,1
521,1
9262,0
2744,0
11668,1
3478,0
11689,1
262,1
2080,1
2075,0
981,1
10023,0
6052,0
11659,1
905,0
7561,0
8124,0
11773,1
2648,0
6958,0
11573,1
526,0
501,1
11581,1
10917,0
6481,0
4041,0
6765,0
9527,1
8588,0
9629,0
2972,0
8421,0
7821,1
7854,0
10594,1
8847,1
3919,0
2095,0
4175,1
2273,0
631,0
4186,0
9136,0
3008,1
8962,0
9805,0
9965,0
7772,0
11794,1
9246,1
6426,0
3448,0
2818,1
819,0
7503,1
3686,1
11176,1
5901,0
8502,0
7111,0
6753,0
2380,0
4603,0
7579,0
10408,0
6124,1
10170,0
4666,0
3868,0
1695,0
84,0
11631,1
7443,0
10203,0
11575,1
8453,0
3157,0
1483,0
2914,0
8053,0
6884,0
6772,0
9170,0
8102,0
1989,0
4180,0
6674,0
10925,1
9797,0
10167,1
5865,0
1812,1
6334,0
11690,1
10217,0
6728,0
11616,1
2240,1
11450,1
1643,0
6948,0
3752,0
11490,1
101,1
2631,0
3815,0
2556,0
4038,0
1463,0
2898,0
2424,1
9446,1
3421,0
8720,0
2421,1
3671,0
8416,0
10678,0
11593,1
3044,0
7899,1
9022,0
2882,0
1065,0
10869,0
6110,0
8271,1
2495,0
502,1
9247,1
4243,0
7921,1
1134,0
11671,1
10963,1
9192,0
7784,1
1879,1
10707,0
5530,0
1623,0
2551,0
2130,0
11618,1
1464,0
4298,0
10878,0
9274,0
1780,0
3666,0
1356,0
10817,0
990,0
8586,0
11812,1
1159,0
11493,1
7116,0
6383,1
1010,0
1459,0
11375,0
9546,1
3240,0
1783,1
7481,1
4449,0
3435,0
69,0
11036,0
11712,1
3615,0
3677,0
4395,0
10343,0
8606,1
11778,1
11309,0
1280,0
9388,0
9967,0
3093,0
3925,1
10415,0
11448,1
10030,0
5721,0
3313,0
11673,1
3251,1
7473,0
4651,0
3373,0
1187,0
10890,0
5299,0
8846,1
7147,0
4678,0
4191,1
8994,0
11200,1
3090,0
9152,1
11782,1
1151,0
10246,1
3175,0
11033,0
11507,1
1269,0
3272,1
9649,0
3801,0
4254,0
11177,1
3004,0
605,0
9826,1
7047,0
2390,0
6218,0
5729,0
5631,0
6556,0
547,0
4174,1
8699,0
11461,0
8712,0
6806,0
3945,1
2032,0
1803,1
1175,0
11061,1
6040,0
11173,1
8420,0
11086,1
11267,0
559,0
11640,1
9466,1
6578,0
1719,0
4460,0
2481,1
9606,1
9529,1
10785,0
11064,1
10166,1
1725,1
4648,0
1815,0
7750,0
11570,1
5886,0
4154,1
2048,0
2209,0
3524,1
933,0
5334,0
2628,0
3699,0
7923,1
10667,0
8239,0
4503,0
4542,0
7426,0
11427,1
5262,0
5995,0
9489,0
11253,0
7452,0
837,0
3950,0
6572,0
11806,1
771,0
475,0
3490,0
4673,0
2988,1
