1241,1
11301,1
11804,1
3765,1
241,1
11146,0
2225,0
2457,0
8926,1
2132,0
3191,0
3201,1
11128,0
4594,0
4444,0
6259,0
8628,1
5411,1
7261,0
11143,1
8714,0
361,1
9148,1
8144,0
3273,1
4731,1
1881,1
5189,0
96,0
6908,0
7312,0
11788,1
4722,0
3778,0
4252,1
6356,0
9640,0
2693,0
11588,1
1904,0
5374,0
9236,0
9086,1
11206,1
2945,0
9192,0
11695,0
11171,1
9039,0
4231,1
11681,1
502,1
3358,0
9255,0
6334,0
5862,1
6462,1
7386,0
8987,1
8639,0
11170,1
1021,1
5943,0
665,0
395,0
10680,0
581,1
11162,1
2246,0
8687,0
1514,0
10318,0
5307,0
2599,1
9026,1
1945,0
3564,1
10086,1
19,0
4426,0
1452,0
7995,0
11378,0
1399,0
1708,0
6351,0
3768,0
10921,1
5805,0
2806,0
5835,0
8342,0
6532,0
9161,0
2401,0
7906,0
11293,1
11550,1
7393,0
7503,1
7239,0
618,0
1682,1
6464,0
3297,1
8042,1
1648,0
11785,1
3643,0
7560,1
3170,0
11215,1
2199,1
3804,1
2190,0
4247,0
591,0
7207,0
4331,0
9088,0
9766,1
4323,0
8679,0
10322,0
10682,0
3169,0
5830,0
9490,0
2475,0
10131,0
6745,0
5228,0
4226,0
7886,0
715,0
4060,0
652,0
11831,0
8229,1
3116,0
4349,0
1504,0
4928,0
9822,0
1116,0
2820,1
6042,1
7903,0
10922,1
7801,1
11486,1
8396,0
11095,0
1723,1
8469,0
10183,0
1125,0
5951,0
3982,0
7977,0
3940,0
7823,1
1042,1
693,0
10346,1
10262,0
6062,1
9037,0
9267,1
7247,1
4111,0
10369,0
2957,0
11765,1
3471,0
3624,1
9974,0
10801,1
6338,0
5047,0
5606,0
9404,0
9500,0
11297,1
9867,1
2678,1
5529,0
311,0
4663,0
10624,0
11570,1
11194,1
8917,0
7939,1
4991,1
7959,1
4271,1
8388,0
10267,1
6124,1
6791,0
1041,1
4788,0
5272,1
2770,0
681,1
6326,0
1382,0
5104,0
7802,0
10816,0
5937,0
5244,0
7482,1
6143,1
2621,1
4891,1
3758,0
11041,1
10959,0
8114,0
6718,0
461,1
11730,0
7040,0
6302,1
11585,1
1131,0
10186,1
5160,0
10590,0
4386,0
7640,1
8865,0
1852,0
5664,0
10232,0
3021,0
8040,1
2700,1
4821,0
11433,1
2438,1
779,0
4344,0
4499,0
6987,0
11336,0
2026,0
3454,1
9880,0
3058,0
3892,0
2731,0
1404,0
11300,1
6852,0
1971,0
1821,1
3084,0
7083,1
6480,0
11662,1
3258,0
1548,0
8659,0
2480,1
1433,0
11462,0
6903,0
5082,0
4524,0
1686,0
1825,1
2497,0
4427,0
6145,1
2321,0
7619,1
7381,1
10444,0
624,0
8539,0
2807,0
250,0
4188,0
1084,0
10781,1
9245,0
198,0
2341,0
4582,0
11604,1
11503,0
4564,0
5676,0
521,1
11643,1
11209,1
11575,1
2825,0
10748,0
7624,1
8756,0
3379,0
11755,1
7613,0
11218,1
5757,0
9292,1
7955,0
4245,0
8007,0
291,0
7921,1
1811,1
948,0
3183,0
1681,1
641,1
1343,0
5331,1
2573,0
10957,0
1978,1
1406,0
10248,0
10854,0
5029,0
8893,0
7942,1
4314,0
11165,1
11472,0
9345,0
719,0
1721,1
1057,0
6554,0
1398,0
11189,1
5474,0
2223,0
6578,0
4208,0
10469,0
5344,0
7700,1
8273,0
4391,0
11615,1
5542,1
557,0
1696,0
7262,1
2749,0
10214,0
9560,0
2382,0
1588,0
7513,0
10227,1
417,0
6282,1
9289,1
1066,0
6521,0
9910,0
3966,0
8986,1
3122,0
11640,1
6796,0
8009,0
8983,0
7151,0
3526,0
10567,1
8622,0
9107,1
10240,0
7483,1
10498,0
11626,1
11602,1
495,0
277,0
4018,0
6834,0
649,0
11177,1
74,0
2072,0
3860,0
9359,0
2800,1
1654,0
2434,0
8169,1
10860,0
3386,0
588,0
4319,0
8140,0
8472,0
257,0
27,0
11567,1
8788,1
7719,1
5628,0
628,0
10906,1
2596,0
8282,0
8010,0
1308,0
3748,0
6787,0
482,1
10111,0
2874,0
11718,0
7811,0
4824,0
1492,0
10983,1
10802,0
7595,0
2639,1
11289,1
9263,0
6809,0
8673,0
1812,1
9946,1
2017,0
11619,1
8860,0
7863,0
4329,0
3184,0
11396,0
8940,0
1926,0
612,0
9428,0
7519,1
7244,1
8011,0
5958,0
10300,0
7449,0
3692,0
2839,1
4465,0
7205,1
221,1
5768,0
9361,0
987,0
6530,0
5732,0
11098,0
11752,1
3501,0
2273,0
7112,0
10310,0
2418,1
9099,0
7922,1
3125,0
1842,1
350,0
319,0
5435,0
11062,1
1902,0
7738,0
7729,0
8749,1
8879,0
5942,1
5684,0
6949,0
857,0
7635,0
2163,0
1946,0
4004,1
6083,0
11617,1
8868,1
2645,0
1219,0
3530,0
5031,1
1324,0
6082,1
1720,0
8217,0
6522,1
6686,0
1062,1
5060,0
8751,1
10454,0
9406,1
5875,0
3638,0
6022,1
722,0
7975,0
2158,1
8432,0
5265,0
3003,0
7744,0
4381,0
11838,0
9708,1
11516,1
4262,0
8722,0
7322,1
14,0
583,0
11126,0
1050,0
2546,0
569,0
23,1
1516,0
10167,1
5747,0
4880,0
2000,0
1206,0
10770,0
9127,0
327,0
1923,0
10477,0
9441,0
5758,0
10778,0
1034,0
2436,0
2015,0
11240,1
9028,1
4303,0
4272,1
9575,0
2138,1
61,1
6661,0
1303,0
7963,1
11295,1
9610,0
9429,0
2684,0
893,0
5102,0
9170,0
2570,0
5304,0
3843,0
3663,0
3629,0
11737,1
5321,0
2062,1
10871,0
11485,0
10857,0
11088,1
10701,1
841,1
6707,0
6280,0
3246,0
4154,1
5520,0
992,0
4098,0
8134,0
8627,1
7623,1
11081,1
11597,1
1663,1
11576,1
1101,1
2897,0
3978,0
9290,1
11176,1
1709,0
11655,1
7104,1
3972,0
11762,1
5236,0
5990,0
10341,0
2963,0
7901,1
325,0
8897,0
8795,0
5483,0
9214,0
1581,1
3944,1
11421,0
1198,0
6818,0
2022,0
7683,0
1875,0
2408,0
7505,0
10985,0
10400,0
11621,1
9979,0
3517,0
1095,0
7540,1
11690,1
11671,1
7699,1
2420,1
7105,1
3946,1
5439,0
672,0
7091,0
4581,0
9881,0
10768,0
3397,0
8072,1
6979,0
2049,0
11233,0
10966,0
6962,1
8460,0
9486,1
6342,1
1970,0
3385,0
3811,0
9084,0
3582,0
21,1
862,0
2181,0
4588,0
5861,0
6030,0
3645,0
7615,0
7254,0
795,0
11620,1
5065,0
9239,0
9477,0
5930,0
1521,1
10290,0
2118,1
7764,0
2145,0
7797,0
6866,0
11019,0
4497,0
1326,0
6507,0
7539,1
11054,0
5338,0
11591,1
1022,1
10042,0
4944,0
6360,0
7979,1
1550,0
7702,1
10629,0
10351,0
1924,0
582,1
10495,1
7839,1
8279,0
1030,0
2504,0
11675,1
8784,0
2103,0
8069,1
9379,0
10402,0
9307,1
1141,1
10901,1
8149,0
11110,0
4931,1
4935,0
8376,0
3380,0
2641,0
3024,1
10627,1
8848,1
11629,1
11271,0
42,1
1172,0
6826,0
1180,0
1464,0
6642,1
8248,1
5807,0
5746,0
2847,0
7283,1
7082,1
546,0
6203,0
10722,1
11167,1
3905,0
10953,0
5690,0
5569,0
10610,1
6088,0
5223,0
5143,0
1826,1
1109,0
11739,1
5683,1
11455,0
2818,1
6215,0
1512,0
10797,0
7042,1
1878,1
4045,0
7065,0
8128,1
10741,1
678,0
9063,0
3217,0
8829,1
9410,0
5121,0
768,0
10231,0
11583,1
739,0
10128,0
2358,1
1004,0
9167,1
1609,0
5928,0
11357,0
3042,0
4155,0
1422,1
7038,0
1729,0
11508,1
7420,1
381,1
11759,1
1653,0
7398,0
203,1
11049,0
10929,1
3026,1
4072,0
7176,0
5260,0
6367,0
7880,1
9188,0
7149,0
4058,0
6630,0
11566,1
3566,0
3009,1
6123,1
1559,0
10134,0
968,0
3890,0
1741,1
8900,0
10609,1
4222,0
10503,0
2713,0
8821,0
7500,1
11101,1
10208,0
11724,0
10196,0
2569,0
7325,0
11345,0
4251,1
408,0
6613,0
11685,1
6716,0
7299,0
7872,0
1078,0
1378,0
9700,0
3513,0
6881,0
3296,1
6322,1
7078,0
10494,1
5524,0
2954,0
9879,0
1860,1
1381,1
10641,1
3243,1
4637,0
2623,0
239,0
85,0
4412,0
5602,1
3866,1
10865,1
2002,0
3994,0
5785,0
3825,0
508,0
2679,0
10366,1
3150,0
9426,1
1951,0
1683,1
11553,1
7940,1
8873,0
5561,0
1861,1
1841,1
2502,0
5745,0
11164,1
1428,0
10665,0
9286,1
2337,0
3656,0
9598,0
10119,0
7028,0
2278,1
7025,0
4199,0
11543,1
3135,0
10177,0
4287,0
5107,0
2350,0
11211,1
3025,1
11676,1
4024,1
7452,0
11030,0
3948,0
7569,0
1958,1
1728,0
1959,1
5011,1
9225,0
10140,0
6144,1
6560,0
7857,0
11526,1
7162,1
4017,0
10759,0
501,1
6329,0
3788,0
1158,0
2377,0
1976,0
6717,0
10052,0
11406,1
1802,1
5415,0
9966,1
8192,1
8220,0
3117,1
884,0
1561,1
11512,1
9546,1
4871,1
2814,0
3338,0
10286,1
11179,1
10725,1
9338,0
7877,0
10212,0
2431,0
10918,0
7129,0
10200,0
2037,0
2844,0
6192,0
3826,0
5735,0
4509,0
8963,0
523,1
8350,0
2580,1
7529,0
11836,0
1330,0
1988,0
3816,0
9970,0
9150,1
2950,0
4052,0
1363,0
11163,1
2270,0
11292,1
7842,0
3061,0
314,0
11253,0
5,0
9109,1
11757,1
4717,0
2565,0
10047,1
1764,0
11541,1
10930,1
6081,0
8881,0
10668,0
10576,0
7833,0
1810,1
10535,0
2536,0
9926,1
7981,1
7723,0
9066,1
2084,0
1921,1
1414,0
10179,0
10963,1
3404,0
396,0
2887,1
2299,1
762,0
7847,0
7733,0
6844,0
2257,0
5098,0
8301,0
11212,1
11611,1
7585,0
4995,0
7800,1
7342,1
303,0
8966,1
9287,1
7281,0
7630,0
699,0
10170,0
4183,0
3159,0
7439,1
9022,0
9995,0
6457,0
660,0
10005,0
3886,0
10260,0
9207,1
2521,1
6125,0
7024,0
8232,0
9158,0
2459,1
2309,0
8191,1
3272,1
4028,0
9032,0
10903,1
5407,0
11551,1
8524,0
1005,0
10534,1
10970,0
11401,0
2400,1
11453,0
8822,0
2530,0
2356,0
6374,0
5847,0
6687,0
6094,0
7286,0
7009,0
9370,0
8750,1
8142,0
7961,1
10425,0
2238,1
8796,0
7403,0
9513,0
5781,0
2065,1
8828,1
4941,0
8088,1
6832,0
6003,0
2109,0
11665,1
995,0
246,0
999,0
7363,1
10389,0
1205,0
8038,0
5935,0
7994,0
3781,0
11084,1
8965,0
10756,0
8253,1
7186,0
11798,1
10848,0
282,1
10989,0
1390,0
4283,0
5074,0
11664,1
9701,0
3108,0
565,0
3008,1
2010,0
10733,0
11669,1
1554,0
6227,0
11787,1
9637,0
11514,1
10255,0
7900,1
6442,1
3192,0
11517,1
3997,0
1803,1
3757,0
341,1
1738,0
3251,1
3945,1
7044,1
8362,0
1661,1
9046,1
10044,0
3496,0
1248,0
3717,0
5555,0
6555,0
4019,0
11303,1
3744,1
5596,0
3433,0
4650,0
11400,0
1859,1
2988,1
6658,0
462,1
8132,0
1717,0
1321,1
7358,0
6497,0
5178,0
11607,1
9663,0
10678,0
8067,0
7982,1
615,0
6637,0
3174,0
10664,0
6842,1
11182,1
6162,0
10952,0
7759,1
6142,1
4351,1
447,0
8863,0
3394,1
11538,1
2371,0
5670,0
8748,1
11532,1
7290,0
7819,1
4165,0
8496,0
11814,1
11663,1
1742,1
3167,1
4409,0
1847,0
3310,0
7726,0
5882,1
4435,0
6618,0
2425,1
6542,1
2409,0
1660,0
2910,0
2054,0
7799,1
549,0
11632,1
5563,0
148,0
2045,0
1431,0
11638,1
2939,1
3900,0
7783,1
9990,0
3628,0
1908,0
9306,1
4145,0
7658,0
204,0
741,1
11770,1
6879,0
2576,0
150,0
11279,1
2198,1
4763,0
4764,0
686,0
2928,0
2884,0
5839,0
5138,0
9035,0
1939,1
10367,0
9498,0
11221,0
281,1
4277,0
9552,0
11661,1
7509,0
5319,0
1306,0
141,1
9934,0
4291,1
11568,1
5491,1
2778,1
10526,0
9319,0
11639,1
7883,1
2647,0
6437,0
8901,0
11323,0
4706,0
1001,1
1879,1
11284,1
8083,0
7964,1
6479,0
10055,0
10727,1
10704,0
8743,0
1849,0
6212,0
3057,1
10266,1
6036,0
2039,1
11537,1
7725,0
6533,0
2837,0
2685,0
11786,1
8682,0
3423,1
9785,0
4542,0
470,0
6702,1
5901,0
11467,1
7692,0
1733,0
11712,1
2272,0
894,0
6395,0
66,0
3576,0
11578,1
847,0
9377,0
2522,1
3238,0
774,0
2893,0
7023,0
5802,1
1840,0
1690,0
4597,0
6237,0
9326,1
5166,0
3136,0
11523,0
11397,0
2219,1
7246,1
814,0
8184,0
3727,0
11761,1
11756,1
3986,0
9737,0
11734,1
200,0
10703,0
2916,0
2764,0
3039,1
2016,0
3450,0
10401,0
2619,1
11673,1
7867,0
2220,1
745,0
6257,0
2494,0
10819,0
7242,1
10578,0
11704,0
10327,0
11733,1
3143,0
920,0
8278,0
1319,0
3998,0
11140,0
1747,0
1591,0
9183,0
11561,0
10698,0
11771,1
8666,1
3468,0
1843,1
10697,0
1672,0
2581,1
7639,1
9215,0
4985,0
8806,1
9017,0
8810,0
5726,0
3010,1
1558,0
11319,0
360,0
1203,0
4113,0
9611,0
9649,0
11518,0
642,1
2370,0
10913,0
2831,0
11210,1
2812,0
4623,0
5579,0
5100,0
11754,1
4533,0
6438,0
7209,0
1132,0
6841,0
1479,0
6416,0
5141,0
8561,0
1195,0
11678,1
2378,1
688,0
10681,1
761,1
2885,0
10489,0
9674,0
9634,0
991,0
11592,1
11606,1
7385,0
7762,0
6382,1
10882,1
1313,0
5431,1
10151,0
4238,0
4297,0
7243,1
6502,1
5076,0
8669,0
7102,1
10981,1
7760,1
1081,1
4885,0
4055,0
9288,1
4751,1
11469,0
11199,1
1781,1
9278,0
8435,0
11085,1
1691,0
5806,0
3684,1
7458,0
8688,0
3163,0
9468,0
5822,1
5371,1
192,0
5666,0
7212,0
10550,1
8944,0
4889,0
738,0
8910,0
2882,0
7688,0
9642,0
2236,0
8066,0
8477,0
7223,1
11609,1
8886,1
11702,0
5845,0
7767,0
323,1
11672,1
8316,0
2582,0
1724,1
3922,0
7510,0
6314,0
6285,0
7780,1
1178,0
7826,0
965,0
75,0
10023,0
2020,1
7163,1
8027,0
1309,0
5605,0
10841,1
5890,0
7414,0
3919,0
5169,0
10542,0
142,1
9206,1
5902,1
9591,0
6816,0
8129,1
11302,1
4289,0
6619,0
3283,0
8071,1
1461,1
2758,1
3382,0
11061,1
7203,1
742,1
1933,0
885,0
8139,0
8075,0
6981,0
3484,1
9711,0
6920,0
11582,1
6955,0
1480,0
1061,1
11636,1
2306,0
207,0
537,0
5364,0
1228,0
4489,0
8544,0
10884,1
958,0
8116,0
2294,0
5582,1
7675,0
11758,1
7217,0
7978,0
593,0
2660,1
11386,1
1201,1
11744,0
3980,0
9444,0
11558,0
6422,1
7840,0
5694,0
11667,1
11447,1
11677,1
8969,1
7303,1
3140,0
3046,0
8503,0
11540,1
3346,0
8519,0
6424,1
6008,0
8730,0
6869,0
329,0
11181,1
9526,1
7882,1
6309,0
10096,0
8592,0
3453,1
4965,0
4302,0
6629,0
4013,0
3421,0
9450,0
1601,1
7706,0
5850,0
1532,0
888,0
10547,0
9916,0
4960,0
9906,1
9978,0
9541,0
4191,1
10928,1
10573,1
7734,0
5443,0
11715,0
5114,0
3104,0
7673,0
6896,0
1124,0
11190,1
1370,0
1161,1
11599,1
8846,1
11402,0
1328,0
4707,0
9904,0
3833,0
6432,0
3187,0
9269,1
721,1
7701,1
2295,0
3308,0
2018,1
3729,0
10496,1
5772,0
8904,0
4711,1
7323,1
1353,0
11796,1
2520,1
5128,0
7364,1
777,0
8786,1
10520,0
5451,1
4020,0
10377,0
10988,0
8268,1
2359,1
873,0
9579,0
6373,0
8719,0
11404,0
7466,0
5389,0
10304,0
7260,0
11136,0
8686,0
4408,0
261,1
45,0
5880,0
10749,0
3225,0
2859,0
3746,0
8747,1
11792,1
7222,1
6505,0
5391,1
1743,1
9687,0
3181,0
6573,0
10247,1
9688,0
8045,0
1750,0
2119,1
6969,0
10692,0
2702,1
8947,1
3298,0
6931,0
10348,0
2201,1
10879,0
9473,0
1956,0
11229,0
11429,1
388,0
11333,0
5993,0
8190,1
11593,1
2347,0
11305,1
8698,0
3212,0
5842,1
891,0
8703,0
6627,0
2423,1
3366,1
916,0
7245,1
2241,1
6267,0
11587,1
7557,0
3584,1
843,0
6482,1
1361,1
7280,0
7213,0
8348,0
109,0
10648,0
3585,1
9588,1
4138,0
8630,1
6824,0
11489,1
6845,0
10530,0
11642,1
4992,0
832,0
1040,0
11750,0
5607,0
5507,0
4167,0
3883,0
9327,0
4076,0
7302,1
2088,0
11428,1
11174,1
766,0
2019,1
11250,0
11082,1
6067,0
2935,0
11195,1
2662,0
11203,1
4612,0
9381,0
6141,0
2618,1
3182,1
10106,1
11298,1
4370,0
2638,1
0,1
9645,0
8458,0
6425,0
1189,0
11529,1
10287,1
8107,0
3127,1
5609,0
11304,1
6122,1
846,0
5801,0
7786,1
8745,0
11121,1
11193,1
5863,1
9999,0
1317,0
5137,0
11542,1
11436,1
1761,1
6006,0
3260,0
863,0
2478,1
5235,0
8041,1
11427,1
10642,1
11117,0
11063,1
6915,0
232,0
4178,0
11405,0
5240,0
9729,0
4911,1
1184,0
11603,1
11238,0
1384,0
11670,1
9886,1
2585,0
11784,1
5510,0
7622,1
8352,0
11819,1
7291,0
5769,0
4369,0
4900,0
1159,0
10923,1
11608,1
3443,0
5868,0
2736,0
11487,1
10924,1
11274,0
5124,0
7969,0
4173,0
5264,0
3185,0
2929,1
2699,1
6000,0
8929,1
1111,0
901,1
2427,0
11060,0
7685,0
237,0
5315,0
5057,0
8531,0
9208,1
9587,1
4565,0
5481,0
9601,0
11652,1
1346,0
6933,0
1496,0
11738,1
1553,0
3926,0
6380,0
11641,1
3438,0
9631,0
5832,0
11198,1
10079,0
576,0
11513,1
1481,1
9582,0
5452,0
8789,1
7785,1
5208,0
11294,1
5320,0
5639,0
11122,1
10619,0
4553,0
10908,0
11411,0
11124,0
6154,0
7380,1
11622,1
3652,0
3852,0
6295,0
2801,0
8358,0
10729,1
3060,0
2100,1
8188,1
9011,0
11352,0
789,0
6354,0
11795,1
10265,0
9420,0
3538,0
11776,1
5281,0
8746,1
2650,0
8830,0
7145,0
4531,1
1920,1
2439,1
3035,0
8668,0
421,1
10142,0
7980,1
436,0
5053,0
11247,0
9564,0
9726,1
11036,0
4340,0
10563,0
367,0
11793,1
5982,1
5721,0
7504,0
3925,1
4635,0
5531,0
5309,0
11773,1
10723,1
121,1
9609,0
10199,0
455,0
3331,0
5584,0
9280,0
585,0
9933,0
5287,0
1697,0
3482,0
11201,1
4589,0
5387,0
986,0
10679,0
2620,1
2718,1
7552,0
4127,0
11296,1
853,0
1985,0
2143,0
6951,0
1753,0
1226,0
7985,1
3193,0
3455,1
9757,0
7379,1
10165,0
9189,0
2913,0
385,0
3466,0
4490,0
6388,0
1136,0
7541,1
1012,0
5543,0
7306,0
10538,0
11600,1
8288,1
6827,0
9312,0
4400,0
2440,1
2704,0
1013,0
4492,0
11803,1
8927,1
6596,0
7960,1
3437,0
10964,1
11463,0
7656,0
2695,0
8168,1
10995,0
996,0
11187,1
2776,0
3464,1
2821,1
8807,1
5762,1
8516,0
1980,1
6722,1
3432,1
4279,0
7781,1
7392,0
11185,1
4712,0
1722,1
9518,0
1146,0
2759,1
10061,0
6802,1
3685,1
11811,1
533,0
2447,0
6811,0
1357,0
4749,0
6601,0
11531,1
3232,1
10747,0
3680,0
3712,0
4915,0
11151,0
1342,1
5471,1
3549,0
7330,0
169,0
115,0
5655,0
10895,0
2513,0
8440,0
2598,1
11818,1
6101,0
7596,0
1806,1
3784,1
2348,0
424,1
9573,0
1076,0
11823,1
6918,0
11833,0
2669,0
10813,0
9143,0
11682,1
11432,1
835,0
11144,1
6590,0
2600,1
10808,0
7822,1
9938,0
1448,0
4776,0
3664,1
1374,0
10258,0
10035,0
9200,0
8907,1
11042,1
1281,1
8373,0
11605,1
5564,0
11777,1
4791,1
8589,0
9380,0
11586,1
6814,0
6501,0
9217,0
342,1
2279,1
10198,0
11450,1
11782,1
1029,0
6697,0
5917,0
3037,0
8867,1
10552,1
6600,0
10721,1
384,0
871,0
732,0
3720,0
10795,0
11242,1
11510,1
7971,0
4752,0
422,1
1294,0
7493,0
5594,0
11504,0
8913,0
8541,0
3807,0
11745,0
10440,0
7063,1
587,0
1948,0
9492,0
4175,1
2595,0
11055,0
4403,0
11686,1
9932,0
7825,0
3981,0
11610,1
977,0
11601,1
2636,0
7142,1
3661,0
11259,1
993,0
517,0
3567,0
8319,0
11549,1
3357,0
10418,0
8005,0
6023,1
10049,0
8039,1
2701,1
5022,0
6525,0
6761,0
2528,0
11509,1
2125,0
5983,1
11373,0
11693,1
11465,0
266,0
10675,0
11168,1
1007,0
9366,1
11326,1
11552,1
5733,0
11456,0
10832,0
7446,0
3044,0
55,0
11420,0
8297,1
9467,1
10730,1
2323,0
8652,0
3022,0
7895,0
3924,1
9111,0
5872,0
310,0
8044,1
1646,0
7923,1
776,0
339,0
2498,1
2157,0
3019,0
6682,1
5273,0
2959,1
9385,0
7795,0
11778,1
5566,0
11821,1
1805,1
2507,0
262,1
2218,1
4807,0
8525,0
6748,0
7928,0
9797,0
8928,1
3252,0
3898,0
10385,0
8189,1
8164,0
5522,1
4789,0
6214,0
3096,0
98,0
8054,0
2617,0
11348,1
11299,1
7062,1
10982,1
8534,0
4932,1
6110,0
2914,0
10539,0
9816,0
18,0
2830,0
6475,0
4131,0
10674,0
11180,1
767,0
7722,0
10976,0
1334,0
9787,1
128,0
3370,0
7568,0
4882,0
4780,0
11805,1
1900,0
1809,1
3406,0
8036,0
9565,0
11653,1
11214,1
4373,0
10466,1
8951,0
4384,0
2461,1
11688,1
7616,0
346,0
11282,1
11431,1
7015,0
243,0
6205,0
3342,0
9299,0
10380,0
4212,1
11281,1
11735,1
6851,0
8906,1
7553,0
802,1
11043,1
10009,0
8739,0
1348,0
1725,1
8798,0
8221,0
1299,0
5470,0
4615,0
5211,0
10502,0
11574,1
6240,0
2761,1
11807,1
6040,0
9947,1
35,0
11287,1
11569,1
5703,0
7645,0
6484,0
8898,0
11584,1
3524,1
10772,0
2579,1
4406,0
2779,1
5955,0
11623,1
2098,1
2344,0
4521,0
838,0
6303,0
9636,0
11178,1
7566,0
8310,0
2491,0
9201,0
5661,0
7479,1
6045,0
11183,1
8733,0
7743,0
11684,1
11217,1
2499,1
2424,1
598,0
1782,1
7524,0
7184,1
4278,0
6133,0
655,0
8371,0
9397,0
9873,0
238,0
4059,0
2500,1
11547,1
9389,0
1854,0
4708,0
2683,0
10862,1
6470,0
5509,0
8187,0
10383,0
6096,0
2658,1
9478,0
8887,1
11618,1
3739,0
6384,0
3304,0
954,0
4544,0
340,0
11713,0
9042,0
9762,0
2558,1
6436,0
6394,0
7194,0
1267,0
43,1
10448,1
3960,0
3932,0
5820,0
31,0
4123,0
3107,0
10039,0
9717,0
1310,0
1341,1
10782,1
1912,0
10560,0
9806,1
1244,0
2239,1
5188,0
5332,0
3704,1
5111,1
7938,0
7898,0
4453,0
7501,1
11507,1
6054,0
4803,0
983,0
2422,1
413,0
5447,0
5165,0
7433,0
7365,1
11426,1
6914,0
4457,0
11184,1
11790,1
6362,1
801,1
6250,0
10020,0
11086,1
1086,0
8271,1
10066,1
2334,0
9152,1
7002,1
1744,1
3077,1
8127,0
10764,0
9603,0
772,0
4416,0
6170,0
8110,0
4762,0
1217,0
11612,1
6871,0
3861,0
9408,0
2122,1
9386,1
9220,0
11633,1
2179,1
9900,0
4195,0
3864,1
9780,0
411,0
7224,1
6893,0
1804,1
10951,0
1979,1
1268,0
11078,0
10460,0
1998,1
1356,0
3290,0
1702,0
9151,1
8426,0
2120,1
11625,1
3759,0
1957,0
11680,1
5791,0
3041,0
3535,0
1025,0
2720,1
7423,0
2451,0
7155,0
11571,1
9435,0
8345,0
2932,0
2080,1
2743,0
9798,0
4682,0
2665,0
4237,0
5591,0
4645,0
11631,1
834,0
3047,0
9584,0
4940,0
8626,1
8170,1
2180,1
8233,0
7924,1
9884,0
11347,1
11446,1
2293,0
11628,1
6654,0
8235,0
8852,0
6966,0
1528,0
1527,0
10021,0
10054,0
7296,0
3586,1
154,0
2395,0
4598,0
11422,0
5991,0
8000,1
11241,1
4829,0
8379,0
1052,0
3101,0
1905,0
2227,0
9430,0
8270,1
8866,1
765,0
5351,0
5505,0
10221,0
8070,1
10378,0
11283,1
2819,1
11087,1
5642,1
1906,0
3186,0
9672,0
106,0
7275,0
8167,0
4545,0
8801,0
1899,1
3937,0
4912,0
4578,0
5442,0
8377,1
659,0
5127,0
2858,1
506,0
3755,0
11815,1
4356,0
5715,0
8590,0
2876,0
8597,0
11488,1
3082,0
2128,0
811,0
5049,0
2979,1
5725,0
2745,0
6156,0
9051,0
9204,0
8179,0
9002,0
5042,0
9826,1
3219,0
11479,0
9296,0
3653,0
6100,0
10046,1
7879,1
2543,0
10157,0
7450,0
4611,1
5707,0
8125,0
11802,1
1134,0
178,0
10944,0
10146,1
2906,0
736,0
6435,0
6870,0
6650,0
4074,1
1262,1
2079,1
10883,1
1391,0
5537,0
9019,0
11729,0
9690,0
1820,0
6888,0
791,0
7859,1
423,1
4603,0
8148,1
2777,0
10326,1
10604,0
9024,0
845,0
11290,1
11654,1
1435,0
9014,0
7123,1
1501,1
1035,0
10658,0
3414,1
202,1
11494,1
7881,1
10147,1
3428,0
9069,0
2719,1
3056,0
2992,0
6727,0
11779,1
6822,1
10350,0
3822,0
2129,0
7399,1
1726,1
9876,0
8706,1
5229,0
790,0
4755,0
1149,0
1006,0
9394,0
3460,0
10424,0
11700,0
4624,0
3706,0
3405,0
9707,1
249,0
10123,0
11634,1
11627,1
10787,0
7563,0
5599,0
8384,0
1787,0
1385,0
3650,0
9456,0
9252,0
4792,1
2102,1
4592,0
936,0
2657,0
7333,0
4698,0
601,1
9100,0
10919,0
11535,1
9009,0
4947,0
173,0
5843,0
3280,0
561,1
301,1
11808,1
11186,1
2038,1
11648,1
4067,0
921,1
10843,0
6666,0
4633,0
4560,0
6429,0
5238,0
9247,1
1243,0
1626,0
10631,0
269,0
11192,1
8771,0
7550,0
2058,1
5155,0
8059,1
5417,0
7627,0
3420,0
11145,0
2352,0
8634,0
9866,1
11534,1
355,0
10771,0
11668,1
9606,1
3767,1
1221,1
7537,0
1060,0
934,0
6873,0
10427,0
1848,0
7874,0
8849,1
10659,0
6541,0
9123,0
3651,0
3761,0
8823,0
132,0
1401,1
8726,1
10122,0
8825,0
41,1
542,0
11775,1
5612,0
8109,0
952,0
2915,0
828,0
11016,0
10575,0
3205,0
763,0
2765,0
11021,1
5962,1
6580,0
2,1
9528,1
1277,0
8809,0
5123,0
11205,1
8858,0
4114,1
10954,0
11657,1
1799,0
10986,0
11468,0
2336,0
6398,0
1676,0
10102,0
1880,1
2331,0
5335,0
1408,0
8504,0
4151,0
5622,1
11598,1
7659,1
6343,0
4481,0
9644,0
8001,1
2101,1
8252,1
8718,0
981,1
8489,0
15,0
1823,1
3213,1
2064,1
4825,0
4064,1
3969,0
7164,0
1604,0
8398,0
2074,0
5048,0
2780,0
7851,0
2154,0
9178,0
7043,1
8264,0
7469,0
1915,0
1102,1
7782,1
5662,1
942,0
11822,1
9592,0
11288,1
11285,1
10006,1
2763,0
7279,0
8884,0
10283,0
3256,0
1997,0
6061,0
1518,0
5070,0
11169,1
5013,0
5838,0
9897,0
481,1
2444,0
11493,1
3507,0
1885,0
3824,1
11595,1
9703,0
9520,0
4771,1
3791,0
278,0
2742,0
4218,0
3262,0
8831,0
6794,0
9730,0
10706,0
9071,0
1261,1
8957,0
7189,0
1606,0
3228,0
7035,0
4040,0
1983,0
2340,0
25,0
3878,0
2941,0
11799,1
9164,0
11490,1
8777,0
778,0
5981,0
3592,0
8498,0
1323,1
2006,0
161,1
10445,0
11630,1
9868,0
2548,0
1938,1
11723,0
4433,0
6788,0
2421,1
9098,0
5568,0
1541,1
9922,0
2155,0
4339,0
7920,1
5948,0
7621,1
3532,0
5504,0
2325,0
7625,0
2121,1
11736,1
8920,0
7305,0
1365,0
6975,0
11797,1
6647,0
7480,1
1511,0
7556,0
3964,1
2419,1
318,0
9633,0
7897,0
1051,0
8586,0
2889,0
6568,0
11381,0
11435,1
10839,0
8762,0
11202,1
9374,0
7196,0
5547,0
2361,0
5971,0
3486,0
10289,0
803,0
2178,1
1163,0
2905,0
8228,1
9569,0
7884,0
2403,0
2483,0
8621,0
9012,0
4203,0
11197,1
4196,0
788,0
3418,0
6795,0
7206,0
39,0
7899,1
6283,0
3989,0
6586,0
6927,0
1171,0
7965,1
1784,0
11656,1
9092,0
6959,0
7989,0
3431,0
10931,0
1322,1
5348,0
3333,1
8260,0
8028,0
2631,0
9836,0
4951,1
8448,0
3893,0
1953,0
8227,0
9259,0
10523,0
2868,0
8051,0
1499,0
181,1
1633,0
11706,0
3544,1
2021,1
6498,0
9646,1
3291,1
9749,0
1372,0
5438,0
1181,1
11216,1
6004,0
9342,0
2081,1
10652,0
6202,1
8560,0
11589,1
10392,0
2654,0
5852,0
11166,1
9704,0
5337,0
5750,0
10026,1
554,0
9652,0
2721,1
5196,0
8490,0
10595,1
11443,0
11581,1
964,0
9227,1
9149,1
9027,1
4522,0
321,1
6330,0
11647,1
9352,0
4292,1
8981,0
8614,0
567,0
10611,0
8532,0
5858,0
3315,0
9842,0
7356,0
4450,0
6412,0
11767,1
8355,0
8978,0
7632,0
2460,1
3391,0
8973,0
11207,1
1258,0
10904,1
1975,0
8230,1
7092,0
3446,0
2200,1
6371,0
5808,0
9106,1
3884,1
3649,0
10105,0
1337,0
11044,1
9527,1
8269,1
10229,0
829,0
4641,0
4510,0
8843,0
7300,0
1734,0
1059,0
10446,1
1345,0
7669,0
11196,1
6242,1
5597,0
8471,0
10728,1
6190,0
780,0
3894,0
11459,0
4358,0
10280,0
2388,0
4260,0
1421,1
9116,0
488,0
7317,0
3776,0
1344,0
8015,0
10594,1
10404,0
7860,1
2259,0
11208,1
8387,0
6645,0
2538,1
2123,1
2966,0
4234,0
5922,1
219,0
9968,0
3415,1
11368,0
11172,1
11280,1
8766,1
4809,0
10447,1
349,0
7495,0
8353,0
2995,0
7069,0
7721,1
9744,0
2604,0
16,0
8199,0
2298,1
2310,0
9260,0
3617,0
4211,1
2032,0
4622,0
11200,1
7638,0
5988,0
6594,0
5799,0
11674,1
1869,0
3983,0
4042,0
6002,1
3215,1
3857,0
3745,1
4134,1
10866,1
11801,1
6079,0
4604,0
1304,0
904,0
11311,0
3726,0
7496,0
11056,0
10508,0
57,0
11448,1
6963,1
620,0
11544,1
9180,0
1543,0
10226,1
11492,1
2269,0
9049,1
822,0
6602,1
9666,1
7772,0
10888,0
8399,0
11635,1
6622,1
8646,1
1097,0
1351,0
3536,0
1138,0
2794,0
775,0
2139,0
9781,0
7319,0
155,0
186,0
425,1
8629,1
3933,0
8647,0
4041,0
9982,0
9146,1
11080,0
2967,0
5640,0
7620,1
5268,0
399,0
3913,0
4315,0
11263,1
11273,0
8257,0
9848,0
8511,0
5271,1
10962,1
10941,0
877,0
7931,0
2879,0
4398,0
5780,0
5743,0
4857,0
1665,0
6793,0
2972,0
166,0
11580,1
9647,1
9246,1
5536,0
9985,0
4411,1
9502,0
6660,0
10426,1
6746,0
3904,1
1091,0
1641,1
11495,1
11781,1
5702,1
5190,0
6407,0
757,0
3271,1
1649,0
10482,1
667,0
2194,0
9858,0
11367,1
2822,0
6103,1
1813,1
4082,0
11791,1
8403,0
1442,0
11530,1
4125,0
9075,0
295,0
11451,1
7337,0
5778,0
7875,0
1088,0
6684,0
5352,0
11689,1
11546,1
1412,0
5251,0
9769,0
10905,1
7804,0
4447,0
6233,0
9181,0
5476,0
1207,0
