68,0
5056,0
10276,0
10302,0
9210,0
9479,0
8605,0
1872,0
3347,0
11679,1
7492,0
5722,1
2971,0
11649,1
2258,1
5003,0
933,0
10640,0
10107,1
11783,1
7324,0
3724,1
5495,0
6715,0
9469,0
7202,1
4316,0
6540,0
4290,0
8339,0
1568,0
7599,1
6481,0
11594,1
2204,0
93,0
5562,1
9625,0
4851,1
7225,0
3202,0
6762,1
6324,0
8908,1
401,1
11548,1
2487,0
1662,1
10081,0
8251,1
5467,0
1443,0
441,1
11732,1
10070,0
9902,0
6562,1
4170,0
10569,0
7481,1
4027,0
7820,1
4784,0
9203,0
4496,0
816,0
5578,0
9517,0
10387,1
9072,0
8827,1
1987,0
3521,0
755,0
7720,1
3494,0
9961,0
9915,0
7411,0
787,0
11444,0
1808,1
5492,1
11659,1
1701,1
1621,1
7864,0
910,0
3497,0
9033,0
10724,1
4848,0
11191,1
11613,1
5575,0
6289,0
9586,1
7263,1
8295,0
3832,0
3865,1
7520,1
3203,0
7565,0
8108,1
6106,0
2056,0
8287,1
4767,0
6024,0
8307,0
7103,1
2584,0
2458,1
3688,0
7670,0
2557,0
9147,1
8474,0
7739,1
6526,0
2760,1
2682,0
4864,0
5754,0
3498,0
1994,0
389,0
5461,0
2265,0
11239,1
3793,0
9414,0
1434,0
6268,0
8695,0
11511,1
3430,0
11231,0
10514,1
152,0
2838,1
1513,0
10602,0
8049,0
11768,1
11556,0
1674,0
8787,1
9819,0
179,0
7179,0
11637,1
10886,0
10297,0
5742,1
8567,0
8334,0
3785,1
11150,0
8033,0
11651,1
7426,0
4112,0
11265,0
1822,1
322,1
9724,0
6692,0
8249,1
4174,1
11687,1
1223,0
8728,0
10625,0
11624,1
9786,1
392,0
3124,0
2399,1
7919,1
10108,0
9339,0
3409,0
11260,1
11577,1
11760,1
4605,0
10592,0
11614,1
5037,0
8606,1
10811,0
4679,0
6639,0
6290,0
11780,1
5782,1
8100,0
3689,0
4326,0
7941,1
2532,0
939,0
2798,1
8946,1
6942,1
1403,0
1255,0
7182,1
2529,0
11766,1
5978,0
4926,0
5512,0
11527,1
2140,0
7412,0
5920,0
6404,0
3686,1
2082,1
3175,0
10456,0
175,0
3479,0
10175,0
11536,1
3265,0
11753,1
11430,1
2951,0
1919,1
7085,0
9108,1
5656,0
10459,0
6636,0
3844,1
6965,0
5343,0
9293,1
7837,0
2167,0
6782,1
9712,0
7577,0
7029,0
751,0
11539,1
5923,0
1981,0
2706,0
9566,1
2243,0
3200,1
6535,0
1846,0
8752,1
9218,0
9506,1
3235,0
2870,0
9529,1
201,1
4557,0
4418,0
2183,0
9308,1
6307,0
1509,0
7314,0
102,1
3550,0
4831,1
3485,1
2549,0
3912,0
387,0
11646,1
8461,0
8857,0
11572,1
5199,0
248,0
2248,0
5909,0
7094,0
11356,0
562,0
6569,0
5381,0
2469,0
2627,0
11533,1
2182,0
11375,0
6256,0
7459,1
7343,1
8599,0
5360,0
5654,0
3590,0
1999,1
902,1
10783,1
1152,0
9266,1
11820,1
1500,0
8,0
11683,1
2277,0
11434,1
10593,1
7588,0
5091,1
821,1
8818,0
2481,1
3654,0
11813,1
2592,0
4089,0
8013,0
11064,1
2063,1
9279,0
11075,0
1940,1
6401,0
5120,0
6188,0
7784,1
5019,0
9676,0
10136,0
8838,0
8177,0
2328,0
8778,0
309,0
11812,1
9568,0
5062,0
11515,1
11070,0
1329,0
8968,1
3766,1
8395,0
431,0
3018,0
7956,0
11794,1
3164,0
2391,0
5012,0
9439,0
6819,0
7499,1
743,1
5728,0
1064,0
1139,0
11789,1
283,0
130,0
10072,0
1024,0
8208,1
690,0
28,0
5092,1
1967,0
2907,0
6591,0
9006,1
3560,0
8547,0
8697,0
2318,1
7272,0
4192,0
9679,0
8692,0
11810,1
9599,0
5682,1
4284,0
11327,1
10474,0
330,0
8043,1
5567,0
101,1
3234,0
2307,0
11505,0
7139,0
522,1
5704,0
8847,1
2756,0
2518,1
924,0
10794,0
818,0
2535,0
9578,0
2117,0
5663,1
1478,0
4185,0
10961,1
9128,0
5191,0
410,0
1204,0
10166,1
9559,0
498,0
6454,0
10942,0
2681,0
11644,1
10411,0
1565,0
5592,0
881,1
6742,1
2078,1
1296,0
3626,1
11769,1
11528,1
5009,0
5489,0
5026,0
7849,0
1671,0
4575,0
3372,0
9975,0
7341,0
11573,1
10532,0
3836,0
4075,0
8763,0
11491,1
11026,0
10406,1
10016,0
8678,0
1936,0
343,1
11806,1
7741,1
2560,0
11660,1
6052,0
3519,0
7491,0
2672,0
2694,0
7694,0
3885,0
7289,0
8540,0
8685,0
1737,0
11382,0
5551,0
2009,0
7477,0
11123,1
6402,1
1964,0
5346,0
11590,1
3719,0
1670,0
4294,0
1887,0
9600,0
8103,0
3078,0
559,0
1916,0
10864,1
1687,0
8365,0
5844,0
5305,0
1225,0
2210,0
3151,0
6423,1
11554,1
10965,1
5030,0
5357,0
2985,0
2659,1
4541,0
7779,1
1824,1
8990,0
661,1
3936,0
2738,1
5460,0
8428,0
3961,0
11500,0
9340,0
10925,1
3384,0
8989,1
8694,0
6341,0
7453,0
5665,0
10688,0
6112,0
9824,0
3573,0
11286,1
7836,0
4949,0
10213,0
402,1
7945,0
1505,0
7935,0
7571,0
1367,0
5154,0
3473,0
11800,1
3604,1
9048,1
10892,0
6620,0
8439,0
6204,0
8068,1
10582,0
3579,0
476,0
7255,0
3568,0
7122,1
1789,0
81,1
11099,0
8661,0
6817,0
11650,1
9864,0
10650,0
3786,0
861,1
2221,1
11414,0
2640,1
7523,0
10968,0
7031,0
2130,0
1210,0
2363,0
7766,0
11691,1
7183,1
10391,0
2261,0
2068,0
7821,1
3048,0
3489,0
9226,1
6913,0
9191,0
4171,0
6952,0
11142,1
6186,0
4689,0
6102,1
6175,0
11005,0
6234,0
6623,1
4754,0
3206,1
9988,0
4043,0
11412,0
9020,0
8769,0
2898,0
4811,1
970,0
11204,1
4866,0
10881,1
3529,0
7191,0
9346,1
6099,0
6182,1
2398,1
7138,0
6582,1
11346,1
1637,0
6244,0
10779,0
11045,0
5243,0
1121,1
11213,1
4137,0
4016,0
2578,1
5615,0
11291,1
5365,0
9333,0
8536,0
9454,0
3147,1
592,0
10926,1
1009,0
3764,1
11188,1
6011,0
9466,1
9298,0
6044,0
9117,0
8250,1
11478,0
1643,0
9948,0
7990,0
9378,0
10934,0
10388,1
8888,1
907,0
11705,0
2781,0
7740,1
9205,0
10726,1
4599,0
8808,0
11395,0
9493,0
5449,0
9874,0
7097,0
5140,0
5511,1
11658,1
7943,1
7704,0
3214,1
10956,0
2274,0
6383,1
5797,0
701,1
3979,0
2775,0
2517,0
9519,0
3267,0
11365,0
7204,1
7679,1
4354,0
3907,0
8738,0
11764,1
8967,1
4193,0
393,0
8537,0
5071,1
9165,0
7366,0
2479,1
11083,1
10667,0
3625,1
7843,0
10987,0
3316,1
11816,1
5221,0
2519,1
10661,1
9686,1
6828,0
7984,1
5458,0
10080,0
3543,0
4971,1
11161,1
10306,1
10218,0
1451,0
2320,0
10257,0
11596,1
11058,0
10386,1
2865,0
4471,1
6831,0
6245,0
3504,1
11358,0
5207,0
156,0
3500,0
6129,0
9015,0
536,0
9827,1
11175,1
11645,1
589,0
9186,1
10958,0
9746,1
364,0
4520,0
11243,1
8550,0
784,0
1463,0
5385,0
2703,1
3178,0
10246,1
9393,0
2060,1
3426,0
9743,0
1611,0
2808,0
621,1
3067,0
10169,0
9268,1
118,0
4005,1
1941,1
744,1
8903,0
1301,1
2441,0
10821,1
8655,0
5945,0
9436,0
8035,0
9706,1
11817,1
6581,0
8436,0
333,0
9667,1
7824,1
2912,1
11774,1
2453,0
9060,0
3637,0
4044,1
3,1
8203,0
3928,0
11261,1
11616,1
11466,1
11772,1
9047,1
6450,0
8988,1
6612,0
4580,0
9626,1
2556,0
5459,0
10097,0
1858,1
2338,0
426,0
226,0
205,0
4841,0
1,1
2523,1
11141,1
11246,0
10236,0
10822,1
6922,1
11666,1
7100,0
9446,1
3502,0
10506,0
7999,1
7419,1
8880,0
6222,1
5430,0
1862,1
7559,1
159,0
2635,0
3708,0
11579,1
9294,1
5334,0
541,1
707,0
9166,1
6508,0
8856,0
6262,1
6926,0
5629,0
5006,0
4429,0
9291,1
9714,0
10902,1
860,0
7293,0
7633,0
616,0
7770,0
3005,0
9846,1
8019,1
682,0
7962,1
3435,0
1325,0
11390,0
6455,0
7651,0
8826,1
11173,1
6220,0
4602,0
7282,1
1186,0
10220,0
7362,1
2508,0
5989,0
2099,1
2799,1
2300,1
8154,0
10686,0
9595,0
11449,1
11262,1
4890,0
5595,0
3774,0
1798,0
5658,0
2892,1
1187,0
7010,0
8482,0
669,0
6865,0
651,0
7870,0
9841,0
7983,1
10812,0
11135,0
9451,0
5081,0
4056,0
2319,0
1807,1
3121,0
1441,1
9322,0
1792,0
11692,1
4110,0
9782,0
2059,1
1366,0
1783,1
10927,1
1898,1
781,1
7641,1
7095,0
941,1
10230,0
2240,1
6763,0
427,0
602,1
6556,0
1288,0
3452,1
1392,0
10739,0
11332,0
3644,1
10861,1
7660,1
8441,0
8571,0
5179,0
22,1
4094,1
2698,1
2027,0
4080,0
937,0
9986,1
8381,0
8548,0
870,0
2146,0
1047,0
10863,1
11096,0
7502,1
826,0
8575,0
8175,0
6249,0
8305,0
2789,0
9416,0
4023,0
11506,1
3783,0
855,0
4984,0
1801,1
7617,0
6524,0
2061,1
9803,0
2991,0
3242,1
1884,0
3115,0
9892,0
357,0
7992,0
4475,0
11366,1
6148,0
1974,0
11010,0
11763,1
10057,0
273,0
11809,1
1056,0
1918,1
2205,0
10996,0
3881,0
7055,0
