2359,1
9053,0
11599,1
9988,0
4791,1
2620,1
4543,0
8749,1
2412,0
9325,0
5763,0
1681,1
5492,1
10306,1
2579,1
6747,0
4235,0
4060,0
1007,0
1743,1
667,0
11435,1
4700,0
9949,0
7044,1
9801,0
6605,0
396,0
6143,1
7645,0
6431,0
2630,0
918,0
11439,0
4776,0
11646,1
11608,1
873,0
7901,1
11448,1
11587,1
10548,0
9744,0
2538,1
7702,1
198,0
8867,1
5292,0
3919,0
2735,0
9114,0
11681,1
5568,0
5783,0
11614,1
2366,0
1617,0
8786,1
3425,0
7172,0
981,1
1495,0
905,0
9107,1
23,1
1601,1
3057,1
1701,1
3534,0
796,0
10276,0
3029,0
3358,0
10179,0
10175,0
10381,0
4239,0
9362,0
1652,0
827,0
7653,0
3707,0
4050,0
8270,1
11223,0
4288,0
549,0
11556,0
10453,0
9221,0
4024,1
1481,1
6732,0
7842,0
5252,0
9646,1
9764,0
4477,0
7404,0
8886,1
9986,1
5654,0
410,0
8467,0
4641,0
8787,1
3894,0
11774,1
1961,0
4581,0
3127,1
6502,1
2139,0
7440,0
11553,1
11136,0
5845,0
2657,0
11188,1
6927,0
10541,0
8942,0
170,0
3236,0
6002,1
4026,0
2368,0
10009,0
697,0
7267,0
3455,1
9006,1
7162,1
11567,1
11647,1
8946,1
6754,0
9076,0
3766,1
8458,0
10563,0
7395,0
4915,0
4569,0
8135,0
7713,0
11632,1
11770,1
7530,0
11064,1
3241,0
1905,0
11535,1
11765,1
4450,0
1021,1
8876,0
7876,0
11213,1
11607,1
11662,1
7083,1
8170,1
5020,0
5702,1
6572,0
4911,1
6313,0
9014,0
8090,0
4485,0
3432,1
8236,0
10521,0
9186,1
6424,1
2478,1
8320,0
3865,1
9268,1
622,0
3069,0
6173,0
4734,0
10502,0
7247,1
10261,0
1055,0
4874,0
1877,0
4377,0
11201,1
10569,0
10970,0
6822,1
6617,0
5929,0
2759,1
8267,0
3624,1
5861,0
9423,0
1904,0
8600,0
1294,0
7938,0
7419,1
2216,0
1823,1
4670,0
7396,0
11298,1
10248,0
6409,0
8966,1
11811,1
5361,0
9929,0
3876,0
2939,1
7724,0
3000,0
2084,0
7920,1
8450,0
1841,1
1744,1
9568,0
591,0
11769,1
970,0
1202,0
2199,1
6369,0
11062,1
1898,1
3041,0
11023,0
538,0
5636,0
7253,0
6066,0
9372,0
8682,0
7688,0
10379,0
616,0
10061,0
8657,0
11671,1
11216,1
522,1
2238,1
2201,1
10681,1
7014,0
8314,0
11426,1
7245,1
301,1
5769,0
1381,1
11297,1
10514,1
6977,0
2659,1
5112,0
9901,0
594,0
9672,0
10156,0
6582,1
6282,1
10679,0
2892,1
3006,0
9245,0
6545,0
5351,0
6119,0
4629,0
3612,0
2997,0
613,0
11677,1
11570,1
607,0
861,1
1939,1
9246,1
761,1
2769,0
6668,0
5543,0
10006,1
1128,0
1221,1
10197,0
8903,0
3171,0
6906,0
9002,0
11093,0
8417,0
6262,1
11573,1
7559,1
2633,0
1852,0
1472,0
9447,0
2720,1
4593,0
2576,0
10101,0
6253,0
10227,1
7919,1
2801,0
2822,0
11347,1
6332,0
8069,1
2965,0
10707,0
342,1
3521,0
4064,1
5347,0
10923,1
3106,0
4805,0
2498,1
9488,0
7538,0
10047,1
5537,0
8850,0
7932,0
6011,0
8425,0
7882,1
8989,1
5717,0
3152,0
327,0
10116,0
2660,1
6211,0
288,0
4114,1
1747,0
3690,0
8490,0
11768,1
2558,1
1016,0
2481,1
10482,1
5880,0
6970,0
3376,0
6417,0
7068,0
10866,1
11789,1
11226,0
11708,0
11428,1
6111,0
3944,1
7921,1
7801,1
6082,1
1207,0
8043,1
5078,0
2063,1
3960,0
9009,0
1801,1
7844,0
10644,0
1621,1
5091,1
8255,0
10496,1
6692,0
6385,0
8315,0
1734,0
2460,1
8109,0
6055,0
1274,0
2166,0
314,0
8278,0
3512,0
11408,0
11714,0
9983,0
5471,1
1048,0
2681,0
2414,0
10280,0
10733,0
4105,0
2290,0
11712,1
7982,1
11179,1
79,0
3658,0
909,0
8866,1
8597,0
1764,0
1451,0
3303,0
502,1
5620,0
3301,0
2419,1
11633,1
659,0
6451,0
2496,0
5366,0
1562,0
4301,0
4080,0
3687,0
194,0
9346,1
4244,0
572,0
11566,1
2626,0
1796,0
10031,0
6104,0
8868,1
1958,1
8889,0
3371,0
203,1
9739,0
2022,0
5938,0
682,0
4161,0
7926,0
490,0
7923,1
7184,1
5683,1
7984,1
2303,0
11788,1
1960,0
9491,0
756,0
4755,0
891,0
1033,0
11195,1
11174,1
5068,0
4271,1
5173,0
9823,0
7741,1
2240,1
5921,0
1642,0
5016,0
10768,0
2858,1
6328,0
8268,1
10963,1
1490,0
2872,0
9926,1
10446,1
8699,0
1386,0
5263,0
8010,0
482,1
4771,1
7030,0
4832,0
11734,1
9556,0
206,0
11673,1
11516,1
2400,1
2881,0
9377,0
9866,1
19,0
961,0
7725,0
4179,0
846,0
349,0
2926,0
7573,0
7774,0
3692,0
10922,1
4609,0
11084,1
11277,0
1209,0
2874,0
2959,1
5333,0
3273,1
6432,0
11554,1
3493,0
5917,0
121,1
11212,1
11546,1
397,0
11024,0
5590,0
10925,1
9719,0
4716,0
5885,0
7565,0
6028,0
4322,0
5302,0
2085,0
546,0
1979,1
4877,0
11338,0
3287,0
3904,1
6117,0
4140,0
9647,1
3194,0
6525,0
6310,0
9691,0
696,0
8882,0
4743,0
574,0
618,0
11214,1
5129,0
161,1
1672,0
9768,0
11550,1
6717,0
6224,0
10177,0
6984,0
5142,0
2060,1
511,0
4220,0
5739,0
3122,0
11640,1
8115,0
3263,0
7163,1
2198,1
10694,0
8456,0
774,0
883,0
5817,0
262,1
4578,0
7167,0
10728,1
4722,0
10159,0
1335,0
9074,0
7510,0
4307,0
3296,1
11569,1
5337,0
4292,1
4789,0
11827,0
7754,0
8578,0
9512,0
2718,1
5732,0
384,0
3773,0
4764,0
2189,0
7262,1
10386,1
7663,0
11299,1
7627,0
5605,0
7620,1
10602,0
11804,1
10223,0
2358,1
11119,0
11600,1
975,0
11243,1
2555,0
6152,0
6900,0
10473,0
11121,1
11598,1
3336,0
5970,0
3751,0
6836,0
2163,0
3898,0
4891,1
11142,1
6269,0
11175,1
10150,0
10706,0
7294,0
10642,1
10404,0
11707,0
2678,1
7740,1
3622,0
6388,0
5199,0
9373,0
1099,0
10946,0
7094,0
7879,1
3604,1
10167,1
4931,1
443,0
4095,0
9529,1
7381,1
6503,0
11364,0
9468,0
1954,0
9412,0
6839,0
4945,0
6145,1
675,0
1337,0
7183,1
6501,0
7941,1
8207,0
11044,1
3946,1
5836,0
257,0
683,0
7430,0
354,0
881,1
11798,1
3609,0
526,0
2652,0
5100,0
7282,1
1549,0
3035,0
4507,0
1210,0
4254,0
7619,1
10066,1
11812,1
1097,0
10600,0
10341,0
4680,0
10249,0
1656,0
2134,0
7962,1
6250,0
6512,0
776,0
1987,0
6049,0
1863,0
3462,0
4449,0
8359,0
426,0
5651,0
8577,0
6607,0
8108,1
7785,1
5691,0
7143,0
8558,0
10959,0
11406,1
2912,1
7846,0
11834,0
7673,0
7622,1
3524,1
3329,0
9566,1
1060,0
11527,1
4457,0
1573,0
2158,1
11793,1
858,0
1739,0
2957,0
781,1
8357,0
7698,0
6889,0
7454,0
2593,0
308,0
4005,1
7182,1
9546,1
2243,0
603,0
6622,1
7908,0
11474,0
1477,0
4238,0
2399,1
10226,1
969,0
2071,0
1261,1
5685,0
6554,0
1653,0
9226,1
7292,0
5008,0
11817,1
7914,0
1741,1
5371,1
4272,1
11653,1
1095,0
8078,0
10783,1
7187,0
5445,0
3781,0
9350,0
3150,0
5160,0
8235,0
11449,1
9891,0
11605,1
3464,1
8613,0
6251,0
2092,0
2622,0
4666,0
4503,0
2798,1
11259,1
3039,1
9917,0
5428,0
11356,0
1037,0
9152,1
11820,1
9182,0
7120,0
1947,0
6480,0
2237,0
11735,1
3532,0
5218,0
3530,0
4775,0
9490,0
4524,0
9109,1
1247,0
5195,0
3198,0
10715,0
11279,1
6843,0
2120,1
369,0
1647,0
4351,1
8056,0
4119,0
5892,0
281,1
7927,0
6398,0
11346,1
9535,0
10822,1
5486,0
9547,0
10501,0
9223,0
1959,1
9761,0
1693,0
9022,0
9345,0
1778,0
11794,1
11620,1
375,0
2184,0
6704,0
5127,0
3307,0
6845,0
7695,0
9807,0
9996,0
5820,0
5822,1
7020,0
4811,1
4455,0
8084,0
5923,0
9112,0
3384,0
6242,1
11637,1
2145,0
579,0
5747,0
3808,0
11784,1
10050,0
8476,0
5601,0
7088,0
239,0
156,0
6439,0
4644,0
6229,0
11282,1
7967,0
5435,0
3468,0
698,0
4573,0
2499,1
9216,0
6292,0
7599,1
1851,0
8717,0
10697,0
8586,0
1277,0
4959,0
3227,0
10568,0
7624,1
2927,0
3020,0
5714,0
130,0
1946,0
7764,0
7402,0
10051,0
1475,0
7880,1
3686,1
2821,1
3147,1
9079,0
2440,1
4242,0
4763,0
6559,0
181,1
681,1
10146,1
4838,0
11574,1
6364,0
3504,1
9598,0
713,0
7824,1
5814,0
8398,0
2644,0
11639,1
9101,0
5642,1
3024,1
9658,0
9675,0
2542,0
2352,0
4562,0
1729,0
8880,0
10575,0
11493,1
914,0
2904,0
6905,0
5233,0
11169,1
3092,0
5306,0
10552,1
1802,1
3981,0
81,1
11819,1
9329,0
4,0
11572,1
10096,0
4286,0
2328,0
5663,1
7323,1
4441,0
5409,0
1938,1
1275,0
8229,1
76,0
3252,0
8988,1
9872,0
8373,0
7621,1
10075,0
7036,0
7883,1
11595,1
3297,1
8017,0
2066,0
9410,0
1885,0
47,0
10727,1
8435,0
9269,1
435,0
10729,1
11532,1
9840,0
5830,0
10952,0
7603,0
2369,0
8775,0
5848,0
10474,0
2038,1
10158,0
96,0
10055,0
3634,0
7540,1
10339,0
2220,1
8918,0
8477,0
5762,1
6760,0
2611,0
3272,1
2709,0
8907,1
2018,1
11340,0
8857,0
3278,0
5948,0
11602,1
10755,0
3588,0
2119,1
2777,0
3095,0
483,0
422,1
1613,0
2778,1
2599,1
10494,1
7453,0
6735,0
3750,0
1008,0
8051,0
5908,0
4277,0
10447,1
11670,1
2817,0
2307,0
1866,0
9322,0
11482,0
1568,0
1716,0
10641,1
11771,1
3885,0
3969,0
779,0
8896,0
11547,1
1121,1
1944,0
8195,0
3206,1
9458,0
1062,1
6302,1
4357,0
11578,1
8323,0
250,0
2800,1
999,0
5450,0
4534,0
6886,0
11082,1
11477,0
1806,1
11568,1
3695,0
1042,1
719,0
9369,0
6484,0
4116,0
7459,1
1862,1
4443,0
6086,0
8823,0
707,0
8722,0
582,1
8311,0
7868,0
771,0
10035,0
577,0
723,0
3415,1
1324,0
6499,0
5821,0
5958,0
10766,0
11056,0
1911,0
11281,1
10393,0
11304,1
4501,0
1754,0
640,0
11676,1
5932,0
6442,1
2161,0
5363,0
1293,0
8242,0
11511,1
5896,0
6474,0
10693,0
985,0
1893,0
5946,0
11172,1
10844,0
8358,0
6252,0
7017,0
8933,0
377,0
11815,1
1340,0
11531,1
3516,0
8885,0
1307,0
11743,0
6246,0
10881,1
2221,1
3188,0
9387,0
3684,1
10584,0
8514,0
7227,0
7254,0
5688,0
10354,0
7562,0
11185,1
11357,0
3339,0
7105,1
3580,0
8481,0
11618,1
11818,1
4285,0
8766,1
2218,1
3394,1
9406,1
6578,0
1641,1
4240,0
4422,0
9426,1
795,0
8689,0
7306,0
1034,0
7142,1
10924,1
8394,0
168,0
2449,0
450,0
8482,0
5837,0
9158,0
9606,1
10164,0
3529,0
11589,1
7013,0
11796,1
11502,0
1201,1
1759,0
3,1
11241,1
3047,0
8344,0
2420,1
9905,0
1102,1
9068,0
2855,0
8472,0
5598,0
7308,0
385,0
11262,1
5011,1
1699,0
11679,1
10873,0
11597,1
1517,0
2976,0
6542,1
4662,0
7502,1
11141,1
2721,1
4401,0
10929,1
3387,0
9095,0
10024,0
7480,1
9557,0
2320,0
11326,1
7015,0
1084,0
8704,0
9497,0
9886,1
11491,1
10243,0
10906,1
2980,0
504,0
6920,0
6662,0
2704,0
7821,1
11459,0
9419,0
3251,1
4589,0
7251,0
1125,0
8298,0
8556,0
1461,1
9842,0
4428,0
807,0
401,1
11666,1
9605,0
383,0
2178,1
4431,0
11592,1
10821,1
8353,0
4664,0
11057,0
6923,0
7205,1
2001,0
1663,1
956,0
1609,0
9614,0
11485,0
9151,1
101,1
1983,0
1353,0
11283,1
8763,0
4532,0
2313,0
3458,0
7108,0
8736,0
11038,0
5464,0
619,0
7516,0
9110,0
11795,1
2514,0
9366,1
11808,1
8072,1
6993,0
5788,0
4719,0
6510,0
1491,0
4717,0
8726,1
8399,0
6177,0
3310,0
9156,0
4491,0
3826,0
11688,1
11693,1
6963,1
568,0
5394,0
6175,0
10458,0
7475,0
11383,0
8547,0
2520,1
7961,1
4001,0
6562,1
10208,0
5873,0
10812,0
4585,0
7582,0
5930,0
7643,0
6486,0
1919,1
9670,0
3212,0
7851,0
8928,1
173,0
3184,0
3484,1
2946,0
10550,1
7344,0
10495,1
3581,0
5570,0
10883,1
8085,0
5497,0
11191,1
3291,1
4484,0
6435,0
9938,0
6847,0
9582,0
9571,0
1242,0
11809,1
8437,0
11767,1
10546,0
11215,1
7944,0
11047,0
7420,1
6032,0
10808,0
2523,1
3837,0
3213,1
359,0
4731,1
11446,1
6423,1
2662,0
3247,0
9686,1
2422,1
11636,1
10901,1
2638,1
11649,1
299,0
1659,0
11417,0
2096,0
863,0
9150,1
4038,0
4563,0
10725,1
11081,1
1854,0
2782,0
4974,0
4478,0
5146,0
11630,1
10022,0
322,1
9656,0
2078,1
8121,0
10894,0
5203,0
8191,1
4346,0
5981,0
2698,1
6628,0
5335,0
9342,0
507,0
6410,0
922,0
2468,0
11001,0
7752,0
2293,0
1818,0
7939,1
6561,0
868,0
10701,1
8527,0
963,0
6280,0
2105,0
5522,1
5232,0
9077,0
9798,0
1172,0
141,1
7656,0
7277,0
10914,0
11203,1
5796,0
7439,1
10769,0
3925,1
9824,0
1158,0
3577,0
6570,0
3713,0
1777,0
2298,1
10086,1
6642,1
5391,1
10695,0
7675,0
11513,1
7975,0
7735,0
11542,1
10206,0
1151,0
6361,0
9559,0
1732,0
2300,1
6782,1
11386,1
2260,0
1183,0
9414,0
519,0
4062,0
11480,0
8233,0
1273,0
1164,0
6084,0
11832,0
10266,1
1834,0
6277,0
1011,0
7170,0
1742,1
3033,0
2167,0
4572,0
4800,0
2020,1
2521,1
9715,0
407,0
9094,0
7261,0
10358,0
506,0
1602,0
2477,0
7499,1
1858,1
11772,1
261,1
9590,0
4508,0
901,1
10941,0
8257,0
3507,0
8974,0
8902,0
11822,1
3669,0
5070,0
7635,0
8120,0
6042,1
2269,0
3027,0
1781,1
5954,0
8455,0
11199,1
4547,0
3485,1
2830,0
9049,1
8660,0
2318,1
3664,1
7354,0
4792,1
798,0
10529,0
1367,0
7690,0
2228,0
9520,0
7950,0
9162,0
11654,1
1417,0
10246,1
11508,1
5374,0
2895,0
8852,0
8626,1
5134,0
1912,0
1527,0
3187,0
144,0
6382,1
5367,0
115,0
11254,0
11773,1
7121,0
3457,0
2082,1
7965,1
3661,0
10214,0
9906,1
6917,0
4921,0
445,0
2545,0
43,1
11727,0
10123,0
4853,0
9453,0
11609,1
4262,0
5829,0
5042,0
297,0
5846,0
6171,0
8337,0
10902,1
10661,1
9147,1
562,0
8484,0
11289,1
7342,1
2548,0
6539,0
5721,0
8970,0
10595,1
8968,1
7536,0
1932,0
9620,0
3365,0
4044,1
10660,0
1807,1
3203,0
363,0
4498,0
1358,0
3204,0
84,0
7768,0
7981,1
441,1
10962,1
1978,1
4398,0
1824,1
9919,0
10916,0
9205,0
5610,0
10169,0
3284,0
10593,1
11496,0
11186,1
7717,0
2376,0
8295,0
264,0
3200,1
11800,1
10121,0
32,0
5354,0
221,1
7002,1
10658,0
655,0
10985,0
2153,0
10870,0
8947,1
10102,0
7637,0
2880,0
1803,1
2979,1
8253,1
6397,0
8769,0
1998,1
6904,0
11208,1
8246,0
523,1
11419,0
9659,0
8015,0
5352,0
763,0
10388,1
9925,0
8806,1
5692,0
5481,0
9852,0
4087,0
247,0
4586,0
3438,0
2447,0
7265,0
11200,1
9599,0
1494,0
3454,1
6553,0
3755,0
6220,0
6455,0
2600,1
2569,0
3644,1
1941,1
1382,0
5831,0
9975,0
1088,0
7945,0
5639,0
10133,0
2480,1
88,0
6110,0
7822,1
8327,0
8068,1
10723,1
8492,0
376,0
11660,1
9051,0
661,1
601,1
24,0
8538,0
5912,0
3584,1
9102,0
1793,0
11415,0
3388,0
8420,0
11825,0
2988,1
9416,0
3704,1
11659,1
537,0
11806,1
1127,0
6109,0
6616,0
7469,0
3723,0
10244,0
9338,0
9787,1
11753,1
343,1
2818,1
11178,1
8709,0
11187,1
8849,1
4469,0
11551,1
11797,1
10376,0
3852,0
10292,0
11785,1
5053,0
3320,0
3509,0
8356,0
4621,0
7438,0
7057,0
4336,0
1281,1
8539,0
5505,0
11731,0
2752,0
7667,0
11302,1
8617,0
226,0
11658,1
11181,1
3809,0
11628,1
4932,1
2109,0
6842,1
1504,0
3629,0
6081,0
436,0
5332,0
7380,1
10722,1
11288,1
6964,0
11373,0
10530,0
5882,1
9952,0
3129,0
8075,0
7168,0
2286,0
7721,1
11492,1
9308,1
701,1
3855,0
2859,0
9946,1
1041,1
2761,1
3225,0
4247,0
6527,0
5982,1
6702,1
8128,1
1797,0
333,0
10926,1
1942,0
11623,1
6422,1
3488,0
8212,0
7255,0
2264,0
4461,0
5852,0
7283,1
5902,1
9806,1
321,1
5872,0
6957,0
9136,0
3744,1
8307,0
2099,1
11162,1
1832,0
2849,0
8629,1
11202,1
4332,0
3966,0
11643,1
973,0
7719,1
3165,0
11436,1
6801,0
10585,0
10470,0
10106,1
3543,0
4458,0
6740,0
2673,0
1592,0
6324,0
5608,0
4876,0
8789,1
8706,1
5596,0
790,0
2441,0
11053,0
9324,0
8987,1
11224,0
1736,0
8283,0
1813,1
7659,1
11094,0
4937,0
7887,0
11799,1
2439,1
3145,0
9274,0
3952,0
97,0
2062,1
5109,0
11596,1
6986,0
8703,0
461,1
10282,0
1513,0
1861,1
7963,1
3396,0
287,0
11334,0
2887,1
5927,0
5158,0
11489,1
7790,0
8847,1
10650,0
1174,0
9255,0
7640,1
4559,0
7631,0
8519,0
3383,0
3537,0
5019,0
8081,0
4374,0
7362,1
11069,0
5802,1
6322,1
7784,1
6937,0
4406,0
6072,0
8050,0
8833,0
6204,0
6188,0
6020,0
8916,0
986,0
11656,1
6129,0
4704,0
11164,1
6639,0
4999,0
3777,0
8606,1
11582,1
5104,0
2180,1
1539,0
11126,0
3735,0
6357,0
6018,0
5770,0
7444,0
7132,0
4691,0
1303,0
2522,1
8998,0
6342,1
2550,0
8252,1
11138,0
4480,0
11581,1
10721,1
10000,0
11464,0
6113,0
2915,0
6608,0
1061,1
11042,1
9506,1
11619,1
785,0
3173,0
5483,0
11506,1
6690,0
8174,0
11786,1
3547,0
4713,0
3124,0
10046,1
11756,1
6644,0
4707,0
2504,0
3672,0
7537,0
6221,0
3732,0
1643,0
8230,1
2265,0
1674,0
5555,0
5634,0
3140,0
11783,1
4135,0
9830,0
1374,0
9537,0
11165,1
3767,1
921,1
3113,0
11305,1
8189,1
6533,0
11228,0
8666,1
1163,0
11286,1
8647,0
148,0
102,1
2065,1
5587,0
7512,0
1629,0
6897,0
11517,1
3585,1
2649,0
11170,1
3595,0
6190,0
7089,0
3453,1
10712,0
3478,0
7067,0
1045,0
5047,0
8921,0
6885,0
4175,1
3243,1
4887,0
7639,1
7786,1
3977,0
9227,1
9383,0
11544,1
8649,0
5624,0
11171,1
10921,1
3948,0
8986,1
4951,1
3784,1
8648,0
4082,0
2667,0
4566,0
323,1
9289,1
6192,0
6105,0
11803,1
6022,1
11269,0
2268,0
7199,0
11622,1
539,0
3600,0
521,1
4991,1
10182,0
11388,0
10813,0
11642,1
8117,0
5133,0
8551,0
11296,1
8848,1
11755,1
1039,0
11182,1
11752,1
3900,0
9272,0
6023,1
248,0
4605,0
832,0
5330,0
5656,0
3469,0
7860,1
9137,0
9750,0
7899,1
9708,1
4436,0
10724,1
8338,0
6757,0
11266,0
1662,1
5609,0
7560,1
8039,1
6492,0
11161,1
11514,1
7180,0
3665,0
690,0
8997,0
381,1
9111,0
2717,0
11218,1
1924,0
8996,0
3800,0
6850,0
4378,0
503,0
685,0
4693,0
5712,0
3018,0
9826,1
7103,1
9985,0
5491,1
2519,1
2690,0
2081,1
4535,0
7623,1
4639,0
941,1
11068,0
11041,1
7500,1
1241,1
8829,1
1809,1
4232,0
6521,0
10629,0
3589,0
2467,0
554,0
4047,0
3864,1
3678,0
4703,0
1622,0
8210,0
9280,0
6061,0
6334,0
1884,0
721,1
9665,0
4191,1
11088,1
10538,0
1704,0
4511,0
9786,1
10781,1
11163,1
5527,0
2334,0
4855,0
5842,1
10366,1
4445,0
8419,0
559,0
9352,0
11431,1
10686,0
10114,0
10535,0
11579,1
7091,0
5036,0
9020,0
5977,0
4934,0
9613,0
3318,0
7139,0
2786,0
11530,1
6809,0
4099,0
6861,0
3271,1
6888,0
9206,1
1880,1
11728,0
1313,0
7999,1
11810,1
2458,1
10026,1
2316,0
2048,0
9527,1
4577,0
3983,0
11548,1
9668,0
6595,0
4251,1
6772,0
8148,1
967,0
11372,0
11644,1
7983,1
8982,0
3525,0
11541,1
6919,0
8001,1
6337,0
3785,1
10012,0
10534,1
9266,1
2695,0
3657,0
1412,0
10717,0
3563,0
2056,0
2621,1
684,0
4373,0
2423,1
10448,1
8188,1
9420,0
10558,0
9579,0
9465,0
2820,1
1161,1
11736,1
7233,0
7372,0
51,0
7202,1
11257,0
11487,1
8402,0
11543,1
7232,0
11655,1
7319,0
1871,0
2486,0
1856,0
9336,0
6603,0
6532,0
561,1
1805,1
501,1
5375,0
11777,1
9141,0
9696,0
6752,0
11192,1
9311,0
9564,0
4861,0
9756,0
7783,1
11645,1
4732,0
11766,1
2758,1
3973,0
6655,0
4799,0
10862,1
9096,0
7481,1
1999,1
4275,0
7885,0
11488,1
8972,0
6039,0
9709,0
6216,0
9954,0
4361,0
2067,0
6200,0
2098,1
7699,1
11612,1
4315,0
7473,0
5906,0
6153,0
2106,0
7928,0
10981,1
9947,1
3435,0
6493,0
7799,1
3100,0
8142,0
4610,0
5671,0
3990,0
759,0
5720,0
118,0
9867,1
11370,0
6015,0
4971,1
3053,0
11729,0
4531,1
11663,1
11451,1
11680,1
9285,0
4148,0
4453,0
1826,1
7482,1
10816,0
9028,1
6791,0
8000,1
5876,0
7364,1
9998,0
3971,0
5270,0
2803,0
2575,0
11198,1
3986,0
5001,0
10801,1
7968,0
7181,0
5271,1
69,0
3470,0
8473,0
958,0
9499,0
10326,1
5431,1
2900,0
5320,0
3804,1
2841,0
8748,1
9463,0
1325,0
1444,0
5193,0
1541,1
11061,1
10468,0
3282,0
2642,0
2937,0
1354,0
7450,0
8747,1
11247,0
2138,1
11586,1
11615,1
4675,0
8101,0
4189,0
4034,0
6168,0
9610,0
1035,0
2618,1
7011,0
3503,0
4134,1
10185,0
3168,0
7985,1
3316,1
9475,0
9409,0
1923,0
6268,0
3626,1
9586,1
7960,1
10699,0
10168,0
4294,0
1709,0
7300,0
1899,1
9769,0
875,0
3058,0
11078,0
11747,0
4541,0
1821,1
6355,0
11775,1
11593,1
11280,1
971,0
6279,0
3782,0
11601,1
3519,0
11108,0
10344,0
11196,1
9294,1
10851,0
1262,1
11515,1
11621,1
11648,1
11101,1
11603,1
3324,0
41,1
1881,1
7778,0
625,0
10983,1
9089,0
6202,1
3456,0
424,1
11033,0
6687,0
11629,1
1286,0
7269,0
3414,1
9846,1
8872,0
9540,0
11790,1
6795,0
8561,0
8932,0
3285,0
11669,1
1722,1
10528,0
6024,0
748,0
11757,1
8139,0
1888,0
8160,0
1800,0
7814,0
7222,1
1910,0
1536,0
754,0
9831,0
217,0
7827,0
7780,1
5031,1
7382,0
8165,0
3042,0
2210,0
11434,1
11533,1
2901,0
11571,1
7520,1
2619,1
10610,1
6671,0
11560,0
3861,0
496,0
2511,0
6186,0
11197,1
1808,1
5781,0
3347,0
7379,1
8807,1
7515,0
11307,0
5794,0
9187,0
5230,0
2200,1
8535,0
6167,0
924,0
11781,1
10072,0
6405,0
9330,0
1401,1
7781,1
8694,0
11499,0
10426,1
11667,1
10015,0
8817,0
7343,1
7302,1
9603,0
3694,0
7679,1
6482,1
3938,0
7712,0
1,1
11113,0
9303,0
22,1
7843,0
9093,0
10186,1
11611,1
10785,0
1270,0
4851,1
6048,0
1323,1
747,0
1918,1
2215,0
5224,0
1572,0
2501,0
4446,0
2279,1
2064,1
6195,0
11209,1
5863,1
2799,1
3884,1
9047,1
1375,0
8920,0
5597,0
4211,1
5215,0
11576,1
7924,1
11616,1
6743,0
11470,0
4003,0
8919,0
3010,1
741,1
584,0
10424,0
4546,0
1775,0
402,1
1422,1
11657,1
8102,0
5169,0
11263,1
3202,0
11294,1
7641,1
7503,1
11583,1
227,0
2884,0
1657,0
4825,0
6826,0
1066,0
9788,0
8811,0
7063,1
2666,0
7775,0
5812,0
9884,0
2074,0
2309,0
2730,0
110,0
336,0
1548,0
4871,1
6821,0
8792,0
3423,1
11691,1
11206,1
3333,1
5105,0
1240,0
6778,0
10081,0
3008,1
11301,1
186,0
1766,0
6834,0
7204,1
11437,0
1677,0
7605,0
8288,1
3544,1
9353,0
8507,0
6362,1
2471,0
9692,0
3026,1
8034,0
6742,1
11242,1
4596,0
9911,0
9376,0
9538,0
9446,1
7708,0
936,0
6169,0
10982,1
2703,1
6459,0
2101,1
9836,0
872,0
6790,0
1859,1
8718,0
8808,0
3546,0
4241,0
6853,0
8602,0
11204,1
334,0
8287,1
10904,1
423,1
7543,0
888,0
11575,1
1245,0
1300,0
2225,0
7363,1
7185,0
6682,1
8628,1
3110,0
2888,0
3434,0
3831,0
8070,1
9757,0
10671,0
8661,0
3117,1
104,0
3954,0
8088,1
4698,0
9958,0
6287,0
1669,0
11512,1
10406,1
1721,1
3844,1
11495,1
7840,0
2431,0
9483,0
1597,0
5027,0
6656,0
11292,1
2929,1
6487,0
10736,0
2637,0
2121,1
7994,0
11779,1
3040,0
5212,0
8273,0
10837,0
4159,0
341,1
7756,0
5260,0
1749,0
532,0
4164,0
282,1
5516,0
8436,0
8071,1
11450,1
10691,0
11674,1
5403,0
6922,1
7483,1
1581,1
4107,0
425,1
7268,0
6505,0
10964,1
602,1
142,1
8444,0
8810,0
5922,1
6762,1
792,0
7449,0
6154,0
8827,1
10828,0
2123,1
11207,1
9476,0
10573,1
1661,1
7700,1
7964,1
5386,0
11132,0
11816,1
2118,1
10930,1
943,0
11351,0
1928,0
10412,0
6792,0
1842,1
1864,0
2795,0
8362,0
3788,0
2702,1
710,0
9018,0
42,1
731,0
2102,1
1697,0
9736,0
9233,0
4886,0
9235,0
11552,1
10181,0
11665,1
2223,0
10107,1
3964,1
5196,0
9562,0
4102,0
7288,0
8906,1
3638,0
5888,0
9208,1
7907,0
2363,0
6062,1
11725,0
11284,1
9544,0
2055,0
10876,0
3807,0
9999,0
2100,1
4602,0
10346,1
4611,1
10974,0
2459,1
10505,0
3975,0
484,0
7943,1
8500,0
5983,1
6124,1
2531,0
4579,0
11780,1
11675,1
3764,1
4630,0
5974,0
1156,0
6349,0
1937,0
1400,0
8509,0
11295,1
9309,0
4362,0
11585,1
7993,0
8354,0
7307,0
1138,0
615,0
7246,1
8927,1
8563,0
9834,0
2413,0
3909,0
3980,0
801,1
390,0
3867,0
5786,0
8752,1
9777,0
10016,0
1651,0
11625,1
9354,0
5237,0
4160,0
11687,1
7525,0
742,1
6162,0
11791,1
11732,1
4017,0
5640,0
744,1
5157,0
3630,0
2958,0
10794,0
4476,0
7050,0
2253,0
9860,0
4299,0
7519,1
4403,0
7541,1
2351,0
2693,0
5065,0
8875,0
6653,0
8497,0
7442,0
2631,0
4314,0
9466,1
4411,1
3025,1
1570,0
10857,0
9580,0
1873,0
1540,0
9716,0
5569,0
6056,0
9617,0
9880,0
4329,0
10863,1
7263,1
8208,1
3480,0
4594,0
6766,0
2902,0
9149,1
7327,0
4587,0
2164,0
7720,1
11291,1
132,0
6057,0
11454,0
9772,0
4705,0
10268,0
10350,0
11469,0
4904,0
11776,1
4565,0
2239,1
6103,1
8182,0
5111,1
2059,1
1341,1
581,1
2639,1
1301,1
1879,1
5972,0
11429,1
11137,0
9828,0
11443,0
7535,0
9180,0
3830,0
4831,1
1485,0
2257,0
3573,0
7466,0
2208,0
3314,0
10580,0
7311,0
249,0
5432,0
3824,1
7118,0
2834,0
3635,0
7479,1
11,0
9316,0
6883,0
3134,0
2365,0
7082,1
3099,0
7751,0
1046,0
5900,0
11173,1
10814,0
10247,1
1014,0
4710,0
5962,1
7980,1
4094,1
8190,1
8249,1
9292,1
11255,0
8296,0
1792,0
3914,0
557,0
9164,0
1001,1
786,0
2136,0
2701,1
10145,0
8266,0
11293,1
10858,0
2230,0
9640,0
4765,0
5933,0
1897,0
11467,1
9607,0
9115,0
2362,0
11180,1
848,0
11363,0
9048,1
7452,0
1522,0
11526,1
6634,0
6654,0
10466,1
1140,0
9467,1
7223,1
3183,0
2843,0
8761,0
7392,0
687,0
8118,0
6876,0
10771,0
2729,0
1620,0
8222,0
7043,1
9082,0
4209,0
4813,0
10435,0
540,0
2672,0
3380,0
8959,0
7739,1
1237,0
4728,0
4276,0
11694,0
5575,0
4460,0
4036,0
8041,1
1233,0
9858,0
5092,1
2122,1
2598,1
5293,0
9263,0
379,0
9863,0
11494,1
6691,0
2190,0
7406,0
3564,1
7400,0
2968,0
5103,0
10286,1
8828,1
3549,0
991,0
5582,1
4253,0
9190,0
201,1
6383,1
11315,0
9166,1
10378,0
643,0
9746,1
11778,1
7224,1
8627,1
8152,0
8169,1
2839,1
7122,1
1521,1
3073,0
7214,0
7795,0
3375,0
3545,0
2398,1
10841,1
11606,1
4965,0
2411,0
1725,1
7042,1
10778,0
6555,0
5006,0
9424,0
4297,0
9181,0
11432,1
9747,0
1625,0
2137,0
7810,0
9386,1
4718,0
4902,0
8059,1
1783,1
11577,1
5349,0
7644,0
4167,0
2168,0
1267,0
5881,0
7539,1
2450,0
6665,0
5148,0
2482,0
3570,0
11664,1
843,0
6962,1
947,0
3597,0
5393,0
5138,0
1804,1
1940,1
7711,0
10130,0
2079,1
10480,0
3625,1
2241,1
9766,1
948,0
3866,1
9134,0
2743,0
2675,0
10184,0
9707,1
8721,0
5451,1
9856,0
11183,1
1953,0
5231,0
7581,0
202,1
5290,0
10897,0
3377,0
10084,0
1637,0
9086,1
2430,0
6064,0
9138,0
3920,0
11813,1
4525,0
7242,1
11155,0
9290,1
5466,0
55,0
5267,0
10696,0
5319,0
11652,1
2826,0
8887,1
3862,0
6712,0
1569,0
8168,1
5722,1
8545,0
11641,1
2578,1
7485,0
2427,0
7501,1
558,0
7322,1
8493,0
1027,0
11285,1
5828,0
8098,0
5548,0
9027,1
11683,1
6225,0
4827,0
9667,1
9904,0
1466,0
6182,1
2058,1
3009,1
11211,1
11008,0
11590,1
4074,1
3765,1
7114,0
2589,0
802,1
2019,1
2418,1
2875,0
1152,0
8271,1
462,1
10966,0
11650,1
8265,0
4173,0
10342,0
8193,0
6308,0
3366,1
7076,0
8129,1
10008,0
5670,0
4270,0
649,0
7203,1
2197,0
11692,1
9593,0
10225,0
4059,0
6810,0
11594,1
3536,0
11686,1
11617,1
3242,1
6827,0
3158,0
11261,1
3215,1
2171,0
8845,0
2421,1
2719,1
3063,0
6090,0
5174,0
10370,0
10269,0
7399,1
9452,0
3790,0
7632,0
11184,1
9601,0
3685,1
1141,1
1524,0
10153,0
2387,0
4136,0
10144,0
11427,1
10726,1
9291,1
9307,1
7303,1
5108,0
9168,0
7819,1
10124,0
10605,0
8391,0
6338,0
11447,1
8757,0
6191,0
6914,0
1875,0
6921,0
5961,0
6761,0
8904,0
3840,0
9503,0
1988,0
8926,1
9125,0
8447,0
1289,0
9781,0
9288,1
2438,1
9178,0
5307,0
2299,1
7433,0
10782,1
5225,0
6875,0
