11509,1
8788,1
11043,1
3682,0
10200,0
7325,0
1342,1
11627,1
2536,0
7796,0
3060,0
11367,1
11144,1
1083,0
7936,0
8279,0
11631,1
8803,0
2527,0
1724,1
7660,1
2039,1
5542,1
11009,0
2700,1
3232,1
10262,0
8269,1
3739,0
3586,1
2029,0
9934,0
7394,0
6783,0
2831,0
2194,0
6528,0
5191,0
2278,1
4980,0
3192,0
8048,0
5564,0
9489,0
10389,0
3012,0
7296,0
1878,1
11613,1
11486,1
5791,0
6430,0
4004,1
8905,0
5228,0
7276,0
1566,0
10927,1
11300,1
2,1
361,1
9706,1
10775,0
61,1
2738,1
3628,0
1019,0
1071,0
6089,0
11031,0
9931,0
5510,0
8313,0
11624,1
7701,1
5489,0
3143,0
9359,0
10621,0
7034,0
8967,1
9844,0
10187,0
1668,0
928,0
5993,0
4984,0
3045,0
3719,0
5681,0
1144,0
2404,0
1320,0
5399,0
2616,0
8209,0
11260,1
4341,0
8340,0
1830,0
9883,0
898,0
9966,1
9802,0
409,0
1603,0
136,0
5887,0
7508,0
10166,1
6586,0
4146,0
27,0
5942,1
2425,1
1980,1
3974,0
9148,1
10928,1
2288,0
11635,1
4459,0
4081,0
1388,0
9253,0
7782,1
9046,1
7152,0
5397,0
5602,1
821,1
4913,0
8746,1
5341,0
4321,0
2847,0
5782,1
2516,0
8019,1
10677,0
9029,0
2017,0
2016,0
7779,1
4834,0
4415,0
9142,0
49,0
5562,1
5410,0
1392,0
7900,1
5994,0
5468,0
11015,0
10867,0
3087,0
6518,0
7744,0
8890,0
3776,0
4052,0
11122,1
5897,0
8234,0
5710,0
11651,1
2811,0
497,0
5978,0
1761,1
8929,1
7839,1
220,0
3539,0
3805,0
9293,1
9175,0
3254,0
6425,0
4181,0
312,0
6413,0
2507,0
9172,0
5301,0
2699,1
3440,0
5277,0
11761,1
2819,1
7859,1
6208,0
7355,0
3214,1
10509,0
4499,0
818,0
552,0
5833,0
10875,0
10884,1
2041,0
8005,0
8037,0
3899,0
5622,1
4178,0
4433,0
10627,1
10624,0
10961,1
11348,1
11762,1
11123,1
5984,0
7177,0
10493,0
10609,1
6340,0
5331,1
5940,0
7244,1
11584,1
7102,1
1526,0
10001,0
2455,0
4994,0
2476,0
6331,0
3945,1
2503,0
11507,1
7494,0
5594,0
11317,0
9370,0
3175,0
6529,0
1423,0
4122,0
9726,1
11626,1
4108,0
11604,1
4018,0
10190,0
8646,1
6462,1
2160,0
7760,1
3292,0
10095,0
11230,0
8291,0
6272,0
8452,0
11529,1
8750,1
8251,1
224,0
6142,1
4337,0
2586,0
11638,1
2587,0
7312,0
5379,0
11738,1
10237,0
8897,0
6536,0
4330,0
5126,0
6695,0
8384,0
2779,1
5438,0
3289,0
3368,0
3724,1
2838,1
11549,1
5362,0
10578,0
8965,0
10465,0
8091,0
4291,1
5479,0
6722,1
11588,1
10652,0
720,0
4440,0
2128,0
267,0
9037,0
9666,1
11077,0
714,0
7243,1
692,0
764,0
5026,0
10567,1
9442,0
1860,1
6835,0
3021,0
7940,1
11739,1
11534,1
4500,0
285,0
11099,0
10793,0
10754,0
11290,1
10864,1
3918,0
8228,1
9200,0
1682,1
7575,0
473,0
3248,0
3266,0
9984,0
10903,1
11453,0
4979,0
7104,1
9026,1
9057,0
9859,0
2479,1
11086,1
902,1
614,0
8681,0
4296,0
2271,0
4212,1
2275,0
6144,1
9689,0
5648,0
7557,0
1900,0
11760,1
4892,0
1977,0
10138,0
6102,1
2760,1
3853,0
6891,0
10753,0
4215,0
3452,1
1825,1
11475,0
11540,1
10147,1
5689,0
2580,1
6099,0
2670,0
5506,0
10360,0
6784,0
10334,0
9337,0
11661,1
1421,1
6802,1
11063,1
9066,1
11049,0
475,0
4815,0
8114,0
11634,1
8238,0
8177,0
4747,0
10516,0
10288,0
9628,0
9085,0
6266,0
9277,0
4174,1
10143,0
2916,0
1321,1
4920,0
10112,0
4672,0
10215,0
1052,0
9201,0
6947,0
2219,1
6304,0
3822,0
3924,1
4470,0
4065,0
10126,0
642,1
7881,1
8410,0
4486,0
11787,1
11167,1
3771,0
2601,0
11689,1
819,0
8826,1
4850,0
4687,0
9146,1
8485,0
841,1
7561,0
6323,0
4830,0
6156,0
1782,1
6980,0
6703,0
925,0
2258,1
2061,1
4249,0
11430,1
11177,1
11737,1
283,0
6611,0
3357,0
4751,1
724,0
1229,0
241,1
8508,0
1346,0
10763,0
6728,0
4258,0
6942,1
4231,1
10887,0
6522,1
7093,0
8604,0
2857,0
5682,1
5612,0
11303,1
11758,1
8520,0
7917,0
11807,1
10758,0
7556,0
6406,0
2581,1
2809,0
2014,0
7971,0
9629,0
1935,0
2919,0
2021,1
2250,0
10325,0
5198,0
1683,1
7758,0
439,0
7432,0
7478,0
826,0
7358,0
11684,1
1216,0
8641,0
2403,0
2111,0
1598,0
2909,0
2080,1
11320,0
8377,1
1234,0
6151,0
6854,0
5957,0
4023,0
9635,0
8605,0
7942,1
11143,1
10912,0
4306,0
10690,0
11759,1
4252,1
9783,0
9286,1
3511,0
152,0
7529,0
4143,0
10014,0
4404,0
4010,0
7995,0
5086,0
7820,1
10861,1
432,0
5520,0
10741,1
1951,0
3351,0
184,0
2658,1
1133,0
10089,0
11539,1
5211,0
10279,0
3077,1
725,0
7606,0
3501,0
4711,1
1765,0
477,0
4339,0
4152,0
5272,1
9626,1
8888,1
7734,0
5514,0
1213,0
4311,0
4347,0
1723,1
274,0
4442,0
11792,1
4208,0
2528,0
1022,1
11685,1
10301,0
4305,0
11085,1
10865,1
2561,0
7096,0
2428,0
1441,1
10770,0
9587,1
9167,1
3076,0
9364,0
9173,0
7523,0
6059,0
6479,0
4435,0
10267,1
1000,0
7062,1
4078,0
6376,0
3382,0
8103,0
4043,0
11672,1
8390,0
11087,1
1129,0
10900,0
11189,1
4282,0
5411,1
1933,0
1726,1
6685,0
8692,0
9526,1
3910,0
3843,0
1812,1
8969,1
11193,1
2640,1
4040,0
5578,0
1811,1
4333,0
7946,0
6402,1
9327,0
5401,0
9388,0
11310,0
11027,0
11366,1
7235,0
4957,0
7463,0
5066,0
11682,1
11510,1
11814,1
5216,0
4924,0
3617,0
1989,0
7759,1
2489,0
4537,0
3675,0
8595,0
2627,0
11580,1
10740,0
9712,0
3221,0
6347,0
9550,0
9239,0
6894,0
2424,1
5742,1
2484,0
11823,1
9486,1
5662,1
2500,1
1355,0
1870,0
669,0
9474,0
4420,0
3531,0
10594,1
10612,0
21,1
8330,0
9720,0
10272,0
11490,1
3510,0
8250,1
541,1
1886,0
6222,1
8042,1
10287,1
556,0
386,0
7705,0
5390,0
2407,0
1288,0
9319,0
4250,0
2688,0
3889,0
1031,0
6401,0
1322,1
1874,0
782,0
11536,1
5511,1
9238,0
6123,1
2073,0
621,1
8057,0
5924,0
8731,0
4992,0
8044,1
6163,0
6458,0
5396,0
6764,0
1077,0
7346,0
6551,0
11359,0
9839,0
2267,0
2214,0
806,0
2828,0
9267,1
9163,0
9207,1
3023,0
2518,1
7916,0
8040,1
11668,1
2907,0
1822,1
2574,0
125,0
5071,1
421,1
4779,0
10965,1
6003,0
11190,1
6636,0
1714,0
10057,0
878,0
6179,0
8714,0
743,1
4808,0
10338,0
6623,1
7408,0
3668,0
11764,1
7915,0
11210,1
8429,0
10296,0
1921,1
10882,1
11733,1
11205,1
11003,0
8392,0
11217,1
809,0
9247,1
4778,0
5918,0
10098,0
11083,1
8719,0
3182,1
10905,1
2146,0
7922,1
1501,1
4678,0
4706,0
7800,1
10491,0
11194,1
882,0
11821,1
658,0
9528,1
10628,0
11473,0
9340,0
11239,1
5824,0
8945,0
2797,0
8680,0
6107,0
8192,1
7998,0
11466,1
5862,1
7545,0
7208,0
9734,0
1143,0
10093,0
3115,0
6864,0
9630,0
2179,1
2072,0
6786,0
10739,0
0,1
751,0
8248,1
2107,0
6890,0
4671,0
2878,0
2030,0
7012,0
8619,0
1081,1
10160,0
89,0
9058,0
890,0
8630,1
8587,0
7875,0
7073,0
481,1
7615,0
11690,1
8012,0
11802,1
2615,0
11075,0
8008,0
1235,0
3615,0
10730,1
1810,1
11240,1
11166,1
3216,0
3334,0
4471,1
8751,1
11591,1
9326,1
4326,0
11801,1
11176,1
7123,1
2335,0
10987,0
4653,0
4353,0
11118,0
3548,0
9306,1
1181,1
9760,0
11018,0
7160,0
210,0
9493,0
620,0
399,0
11276,0
9711,0
6909,0
1981,0
7186,0
6531,0
7368,0
6602,1
11805,1
34,0
11782,1
6296,0
7365,1
2487,0
6108,0
9992,0
9007,0
9242,0
6429,0
1624,0
5532,0
4942,0
11763,1
11610,1
7823,1
8225,0
91,0
1257,0
11754,1
3591,0
5120,0
8908,1
6026,0
8800,0
5960,0
5545,0
9588,1
277,0
7979,1
665,0
11678,1
11221,0
11327,1
8777,0
2488,0
7378,0
6194,0
5482,0
2932,0
4327,0
8159,0
3560,0
1009,0
9940,0
8712,0
8864,0
11168,1
166,0
9042,0
8608,0
4020,0
7607,0
9827,1
2461,1
9287,1
7309,0
7959,1
4493,0
641,1
4154,1
3067,0
10,0
7570,0
9106,1
2361,0
3201,1
4051,0
8297,1
3660,0
6729,0
11561,0
2378,1
11322,0
1361,1
3321,0
2914,0
6297,0
4390,0
9612,0
7079,0
1995,0
11433,1
3943,0
2345,0
1920,1
11528,1
64,0
5416,0
4425,0
11538,1
3745,1
163,0
9108,1
7630,0
9832,0
11021,1
7272,0
11051,0
10137,0
8846,1
11287,1
9809,0
9771,0
1047,0
1154,0
1843,1
10387,1
1101,1
6829,0
6184,0
1561,1
6122,1
3167,1
5077,0
7066,0
11537,1
1149,0
5327,0
9608,0
8427,0
5243,0
1109,0
3017,0
