2060,1
10101,0
1497,0
9627,0
5785,0
2638,1
10273,0
11652,1
2817,0
732,0
11084,1
7727,0
9560,0
5246,0
10866,1
4372,0
7922,1
6880,0
11386,1
9081,0
1979,1
300,0
308,0
7534,0
6403,0
4227,0
1099,0
11248,0
11207,1
5149,0
6161,0
2894,0
11494,1
10047,1
4231,1
4147,0
6122,1
6712,0
6807,0
2599,1
3765,1
7291,0
3684,1
3243,1
1620,0
2398,1
7342,1
10573,1
1556,0
5159,0
11592,1
11816,1
5102,0
2671,0
921,1
11287,1
685,0
7531,0
11640,1
1334,0
11639,1
7331,0
5647,0
202,1
11547,1
11409,0
11667,1
6548,0
4992,0
6130,0
2260,0
8771,0
8368,0
3687,0
11333,0
2809,0
6208,0
11100,0
4818,0
2465,0
7852,0
9028,1
1840,0
8390,0
5284,0
5148,0
11227,0
11568,1
3113,0
7908,0
11626,1
11795,1
10828,0
4683,0
11431,1
10056,0
1950,0
4291,1
9287,1
11773,1
1202,0
1824,1
4971,1
417,0
3251,1
2290,0
3712,0
11767,1
10161,0
8427,0
7690,0
3810,0
4401,0
5204,0
1569,0
5881,0
1066,0
8528,0
11022,0
2735,0
4593,0
1274,0
1683,1
2124,0
1494,0
11082,1
11600,1
8942,0
22,1
7020,0
10882,1
4484,0
2337,0
536,0
7247,1
7244,1
6790,0
11772,1
10279,0
9199,0
9268,1
8892,0
4539,0
5802,1
7679,1
4524,0
1744,1
7924,1
3546,0
407,0
4871,1
7469,0
6023,1
642,1
3983,0
2438,1
7705,0
8450,0
11340,0
5552,0
1033,0
4137,0
4464,0
190,0
11085,1
7811,0
151,0
5621,0
402,1
10464,0
3724,1
9102,0
2204,0
4393,0
2647,0
5323,0
11521,0
4361,0
10927,1
3218,0
3563,0
5242,0
2391,0
4238,0
1662,1
7459,1
3935,0
1781,1
7338,0
2215,0
7740,1
11790,1
9306,1
11240,1
6183,0
4363,0
9658,0
10277,0
9438,0
6221,0
7251,0
10819,0
10961,1
11821,1
270,0
9045,0
2032,0
2070,0
1352,0
4369,0
10982,1
8848,1
3024,1
6448,0
8451,0
1661,1
11275,0
9493,0
4771,1
9207,1
11185,1
8807,1
11681,1
10783,1
4150,0
5662,1
11419,0
8559,0
8868,1
6602,1
11804,1
859,0
5248,0
2099,1
2934,0
7379,1
5804,0
3096,0
7622,1
4005,1
5493,0
2828,0
6549,0
9267,1
9378,0
1153,0
7571,0
5310,0
3665,0
424,1
81,1
223,0
9383,0
6004,0
4064,1
11739,1
7228,0
6314,0
6722,1
2005,0
573,0
5838,0
11805,1
11457,0
3898,0
7996,0
4357,0
11290,1
3088,0
2312,0
5414,0
2984,0
8799,0
8994,0
11414,0
3564,1
5683,1
1998,1
10227,1
11510,1
2913,0
7512,0
1549,0
1357,0
10346,1
2068,0
9527,1
11753,1
7899,1
6734,0
7631,0
1609,0
1398,0
9167,1
11500,0
8102,0
5491,1
2772,0
9286,1
9786,1
566,0
11692,1
9851,0
6190,0
9415,0
1951,0
8054,0
2265,0
7880,1
5165,0
2328,0
9469,0
3021,0
3260,0
3380,0
1381,1
10593,1
5208,0
6338,0
2631,0
3249,0
9434,0
4455,0
11406,1
9291,1
9172,0
3106,0
9039,0
1220,0
3073,0
5419,0
10789,0
3748,0
5286,0
3407,0
1591,0
7125,0
6825,0
1919,1
11779,1
672,0
9756,0
11594,1
7317,0
9006,1
10348,0
3343,0
7455,0
2892,1
10734,0
5822,1
557,0
2196,0
3359,0
11755,1
3185,0
9910,0
3604,1
1214,0
10874,0
11649,1
6750,0
10749,0
8935,0
11044,1
4849,0
11554,1
3133,0
503,0
8014,0
3704,1
3626,1
7698,0
3416,0
8805,0
7992,0
3573,0
1811,1
10883,1
9666,1
2768,0
1327,0
1721,1
720,0
11450,1
6492,0
3054,0
902,1
2146,0
2463,0
296,0
744,1
9038,0
10862,1
53,0
11244,0
1608,0
1734,0
1140,0
10026,1
534,0
10497,0
4297,0
3487,0
653,0
11690,1
11514,1
1128,0
7882,1
5010,0
578,0
10388,1
4013,0
11183,1
1641,1
5306,0
9135,0
11121,1
7978,0
10950,0
4585,0
1949,0
5638,0
5150,0
7034,0
11432,1
6995,0
8033,0
6376,0
328,0
7072,0
4168,0
8269,1
11770,1
6647,0
1628,0
11800,1
6142,1
8966,1
5593,0
11645,1
5630,0
748,0
7303,1
3968,0
6640,0
3453,1
2409,0
11081,1
2362,0
7758,0
2827,0
4146,0
3117,1
11646,1
2253,0
10847,0
9925,0
8573,0
8967,1
7047,0
7919,1
10186,1
10156,0
9713,0
11787,1
9530,0
4154,1
7761,0
11486,1
9521,0
3756,0
8079,0
9195,0
3445,0
3194,0
8930,0
2189,0
10049,0
624,0
11700,0
3344,0
10865,1
11144,1
2862,0
2248,0
2234,0
10363,0
8819,0
4913,0
4066,0
2808,0
11114,0
10562,0
461,1
9269,1
1003,0
3558,0
3057,1
1768,0
10629,0
10317,0
2473,0
7930,0
7947,0
7391,0
2533,0
11241,1
3076,0
6822,1
7819,1
4949,0
2660,1
11259,1
8627,1
5907,0
1361,1
6943,0
1440,0
7660,1
9149,1
2443,0
10677,0
3951,0
5671,0
2523,1
4769,0
947,0
5428,0
2252,0
2221,1
9996,0
9537,0
10743,0
4182,0
9206,1
1890,0
830,0
10448,1
8027,0
9186,1
3928,0
10685,0
3944,1
2024,0
502,1
10355,0
7283,1
8070,1
9146,1
1601,1
8651,0
1513,0
2201,1
2459,1
7960,1
6417,0
7112,0
853,0
109,0
1393,0
10236,0
10694,0
1595,0
10906,1
3280,0
1501,1
3275,0
2669,0
10495,1
5969,0
10308,0
1485,0
3586,1
944,0
8562,0
7049,0
5454,0
6963,1
3464,1
11601,1
5648,0
5126,0
8022,0
8328,0
11366,1
1743,1
4490,0
1,1
5136,0
9585,0
6851,0
8092,0
10387,1
4991,1
3900,0
1940,1
7523,0
5623,0
10806,0
4322,0
1568,0
7225,0
4171,0
3785,1
9972,0
5202,0
9445,0
11778,1
3242,1
2275,0
11035,0
11302,1
7855,0
3491,0
6328,0
9173,0
8909,0
9163,0
5535,0
205,0
9846,1
1301,1
561,1
4667,0
3649,0
2648,0
6330,0
1709,0
11239,1
5580,0
10976,0
10863,1
1226,0
7731,0
5562,1
145,0
9125,0
335,0
5721,0
6234,0
6810,0
341,1
4832,0
11101,1
9487,0
3635,0
6424,1
6302,1
6623,1
9602,0
4454,0
7624,1
8749,1
5697,0
3397,0
6967,0
10100,0
6885,0
6432,0
2015,0
742,1
5745,0
9748,0
834,0
5981,0
11168,1
7986,0
1879,1
8923,0
9029,0
7133,0
6081,0
5984,0
7725,0
7640,1
386,0
1548,0
9896,0
5243,0
1425,0
688,0
1652,0
1622,0
954,0
2867,0
1970,0
9322,0
4715,0
6362,1
7281,0
11180,1
9686,1
5756,0
8192,1
8846,1
657,0
11680,1
5292,0
9946,1
11285,1
4882,0
9109,1
9426,1
3664,1
3052,0
11164,1
3212,0
6972,0
741,1
1461,1
6041,0
7916,0
7087,0
5369,0
9966,1
2476,0
6082,1
3766,1
7959,1
2589,0
6706,0
6241,0
8567,0
7920,1
10226,1
1801,1
9742,0
8582,0
351,0
4674,0
8502,0
6405,0
5793,0
8116,0
1705,0
2305,0
5067,0
3932,0
1787,0
5522,1
721,1
11515,1
2174,0
10575,0
9272,0
8071,1
9111,0
6800,0
6286,0
3068,0
8077,0
2118,1
5247,0
2491,0
7656,0
7961,1
432,0
4339,0
4661,0
4899,0
7179,0
2816,0
2113,0
9834,0
3733,0
10502,0
11837,0
5722,1
9568,0
2620,1
10987,0
7182,1
5762,1
1158,0
4241,0
6720,0
7062,1
9128,0
9603,0
556,0
10435,0
5809,0
10293,0
839,0
10375,0
1941,1
1367,0
6123,1
3584,1
11689,1
5169,0
3865,1
11806,1
6279,0
3470,0
2210,0
5111,1
1111,0
3366,1
322,1
11573,1
8217,0
11608,1
7562,0
4187,0
3908,0
2822,0
8298,0
2528,0
11360,0
2674,0
10092,0
9396,0
8762,0
1789,0
4375,0
11590,1
5964,0
5271,1
4260,0
2935,0
11759,1
5290,0
7264,0
7859,1
11234,0
881,1
10801,1
4225,0
8294,0
1858,1
9248,0
8949,0
10080,0
5041,0
11758,1
1390,0
1823,1
11565,0
5406,0
2622,0
4751,1
3786,0
9091,0
423,1
6105,0
1420,0
4122,0
6906,0
11209,1
4272,1
11175,1
3867,0
5973,0
10717,0
5876,0
9995,0
10359,0
11539,1
11769,1
161,1
6624,0
3644,1
10726,1
6562,1
3094,0
5076,0
11283,1
9882,0
10669,0
7739,1
9466,1
8828,1
10768,0
3454,1
5129,0
8431,0
7999,1
2080,1
5155,0
8288,1
8316,0
3924,1
7603,0
11697,0
221,1
3496,0
101,1
8,0
5739,0
11292,1
9926,1
6818,0
8738,0
7786,1
7664,0
4729,0
10257,0
11551,1
11131,0
552,0
2061,1
7873,0
1632,0
7503,1
7989,0
11634,1
7316,0
3182,1
4752,0
7799,1
8968,1
10031,0
6622,1
3358,0
10287,1
3943,0
11219,0
7052,0
11497,0
574,0
3845,0
7870,0
3272,1
5646,0
7040,0
11218,1
7313,0
4911,1
5521,0
4405,0
2739,0
3647,0
9822,0
10901,1
2650,0
6106,0
10112,0
10757,0
2345,0
8822,0
547,0
11585,1
8228,1
5219,0
508,0
3971,0
401,1
11628,1
11420,0
2191,0
6655,0
3102,0
3310,0
1391,0
7150,0
9033,0
112,0
8803,0
9645,0
7502,1
9275,0
10491,0
8044,1
6292,0
348,0
2358,1
105,0
6866,0
5340,0
2296,0
1043,0
1647,0
958,0
3919,0
11491,1
739,0
6482,1
3462,0
10018,0
5053,0
6396,0
10146,1
6674,0
4499,0
7170,0
9615,0
9947,1
9294,1
5819,0
4351,1
4915,0
9869,0
11137,0
489,0
3230,0
4784,0
4876,0
7809,0
540,0
10916,0
3937,0
10978,0
7820,1
2395,0
8834,0
8865,0
5808,0
2942,0
2521,1
6005,0
2979,1
1018,0
10550,1
8208,1
6727,0
7800,1
1521,1
7304,0
2219,1
3016,0
982,0
9718,0
7583,0
874,0
1523,0
8827,1
465,0
10503,0
6702,1
8021,0
2427,0
8548,0
116,0
7056,0
6616,0
11346,1
5865,0
9566,1
11658,1
10333,0
6522,1
1782,1
7203,1
9152,1
2658,1
8529,0
8866,1
5581,0
5322,0
1742,1
4702,0
11766,1
2086,0
9873,0
11141,1
1022,1
6755,0
6202,1
5530,0
11636,1
3790,0
7457,0
4983,0
3820,0
7615,0
8531,0
6027,0
7901,1
7939,1
2760,1
3165,0
10534,1
9353,0
2006,0
4020,0
11757,1
10881,1
11262,1
11604,1
1860,1
7103,1
2378,1
1891,0
3616,0
55,0
11212,1
646,0
7549,0
4004,1
4190,0
10077,0
3093,0
8058,0
8801,0
11720,0
9707,1
11284,1
10800,0
7832,0
2618,1
3386,0
10086,1
8274,0
6668,0
2123,1
8970,0
11754,1
8297,1
3214,1
10852,0
11196,1
4345,0
11548,1
11181,1
1178,0
8326,0
11245,0
2000,0
11133,0
3415,1
9886,1
1319,0
11187,1
8832,0
2621,1
10354,0
4951,1
4206,0
9069,0
9148,1
8540,0
8585,0
10247,1
717,0
6358,0
9634,0
2929,1
6340,0
3136,0
938,0
2461,1
10137,0
3827,0
9456,0
7376,0
7431,0
11617,1
3744,1
6240,0
4898,0
6305,0
10215,0
5241,0
5230,0
6168,0
3144,0
5431,1
11538,1
4660,0
11459,0
2716,0
4343,0
1834,0
4552,0
8260,0
5071,1
6599,0
8847,1
11436,1
10379,0
8792,0
1791,0
10681,1
7982,1
395,0
11801,1
10073,0
1394,0
9427,0
7000,0
9087,0
9962,0
4500,0
8690,0
1023,0
635,0
11647,1
7795,0
2480,1
11361,0
8236,0
3776,0
7910,0
5057,0
5643,0
10037,0
10468,0
6642,1
9694,0
11618,1
4644,0
6418,0
8936,0
8975,0
8287,1
7874,0
4476,0
1052,0
8474,0
7762,0
3667,0
1817,0
681,1
10594,1
4353,0
662,0
7560,1
2955,0
941,1
6009,0
3816,0
3948,0
3530,0
5946,0
336,0
11176,1
2039,1
9679,0
11191,1
6428,0
10923,1
6970,0
2743,0
6345,0
3851,0
803,0
5011,1
2520,1
1292,0
11748,0
6614,0
9381,0
10716,0
10539,0
6319,0
4362,0
8881,0
1838,0
3025,1
10060,0
2855,0
2829,0
1411,0
1780,0
8039,1
7699,1
2847,0
1085,0
2018,1
7362,1
9780,0
1695,0
1201,1
3915,0
10066,1
2469,0
6508,0
3138,0
8349,0
11584,1
1612,0
1323,1
8658,0
6322,1
3611,0
7701,1
133,0
6320,0
1767,0
6554,0
7995,0
8391,0
1994,0
11217,1
5031,1
3767,1
6159,0
8499,0
6400,0
2649,0
8976,0
2288,0
9288,1
8468,0
11489,1
10397,0
11546,1
1315,0
4607,0
3764,1
8408,0
9175,0
8681,0
11822,1
5510,0
8814,0
11593,1
7508,0
6952,0
1452,0
1766,0
2749,0
6426,0
7323,1
541,1
7366,0
119,0
9324,0
6729,0
2082,1
2643,0
1616,0
5857,0
1698,0
10903,1
7602,0
1042,1
1841,1
1399,0
10634,0
5318,0
8879,0
5466,0
1048,0
4694,0
11555,0
1281,1
2343,0
4258,0
6237,0
2453,0
3895,0
8752,1
8416,0
9492,0
137,0
2227,0
3072,0
11661,1
10627,1
1171,0
2818,1
4261,0
9927,0
2720,1
457,0
7864,0
10179,0
6499,0
10796,0
6416,0
11671,1
1406,0
7709,0
2869,0
10797,0
4562,0
5983,1
482,1
5393,0
304,0
7380,1
5134,0
178,0
7871,0
2186,0
2225,0
11434,1
3859,0
9750,0
11135,0
582,1
4441,0
4193,0
8908,1
1906,0
10905,1
4821,0
9350,0
1083,0
5918,0
9216,0
9829,0
2091,0
7129,0
5312,0
991,0
5818,0
8750,1
6907,0
5599,0
6654,0
983,0
956,0
2079,1
10741,1
208,0
1898,1
6300,0
5661,0
1287,0
10380,0
7697,0
7104,1
8013,0
9848,0
9850,0
6370,0
7263,1
3396,0
937,0
2698,1
7555,0
6039,0
979,0
9096,0
8869,0
1615,0
11780,1
11786,1
11297,1
7577,0
10567,1
7578,0
2062,1
8377,1
7802,0
8686,0
6776,0
5641,0
7392,0
10664,0
6985,0
8874,0
9514,0
11775,1
2578,1
5423,0
11430,1
11670,1
1541,1
7142,1
2664,0
8601,0
7942,1
11442,0
8478,0
7983,1
3963,0
2180,1
3142,0
4304,0
6590,0
11098,0
1218,0
408,0
8730,0
11467,1
11537,1
3824,1
10544,0
7765,0
7137,0
6045,0
5910,0
5654,0
2665,0
7782,1
11702,0
7657,0
11694,0
11530,1
4422,0
7559,1
806,0
11117,0
10924,1
6225,0
6780,0
9917,0
5124,0
5540,0
2483,0
10199,0
2838,1
6566,0
615,0
3438,0
8886,1
35,0
2890,0
4629,0
8844,0
1021,1
11764,1
4480,0
2044,0
2100,1
11641,1
2724,0
5982,1
11160,0
11154,0
271,0
1143,0
985,0
5171,0
9508,0
186,0
7517,0
4996,0
5443,0
10289,0
3931,0
10929,1
11090,0
3904,1
7139,0
3039,1
886,0
10900,0
10556,0
2399,1
5300,0
10500,0
3844,1
4929,0
10034,0
3219,0
1432,0
522,1
9928,0
9068,0
11038,0
11129,0
2936,0
8095,0
10843,0
5961,0
2010,0
1664,0
9264,0
1477,0
3399,0
11607,1
620,0
331,0
8355,0
1792,0
2858,1
1081,1
3655,0
4655,0
9592,0
9491,0
4979,0
2933,0
181,1
10954,0
1859,1
2957,0
8481,0
2956,0
3465,0
4782,0
9564,0
11213,1
10956,0
11691,1
5825,0
11463,0
3362,0
10530,0
8695,0
8462,0
3276,0
11785,1
10105,0
6337,0
6516,0
7499,1
8132,0
8989,1
648,0
11509,1
2058,1
3726,0
4861,0
3804,1
11452,0
9868,0
6975,0
2417,0
9507,0
42,1
10610,1
11153,0
11428,1
11182,1
9971,0
4387,0
3823,0
9283,0
8888,1
1575,0
1828,0
11591,1
6196,0
2020,1
3792,0
3735,0
7363,1
1945,0
11633,1
8440,0
10133,0
11178,1
11325,0
3945,1
10446,1
3201,1
3504,1
7055,0
3398,0
7596,0
11466,1
7511,0
7763,0
8620,0
8221,0
9488,0
183,0
3532,0
4987,0
11627,1
2256,0
2182,0
9646,1
4558,0
10453,0
11190,1
11295,1
3732,0
10838,0
11637,1
11281,1
7043,1
5112,0
8169,1
1999,1
9113,0
2161,0
8656,0
2403,0
8489,0
11232,0
8596,0
3645,0
11291,1
2968,0
8849,1
10240,0
231,0
2302,0
10284,0
9292,1
6410,0
1268,0
10980,0
7163,1
5511,1
11448,1
7420,1
9588,1
2778,1
9761,0
6062,1
7105,1
11498,0
6809,0
4631,0
9043,0
6950,0
9386,1
9048,1
1141,1
4148,0
1865,0
326,0
5605,0
6031,0
2386,0
5061,0
11567,1
10821,1
11208,1
5013,0
2220,1
4721,0
7484,0
7646,0
8766,1
3198,0
2729,0
2198,1
1572,0
7642,0
8189,1
3973,0
8313,0
1739,0
2178,1
11327,1
10725,1
6723,0
8020,0
2173,0
2457,0
7753,0
643,0
147,0
2063,1
3340,0
10424,0
3205,0
2419,1
9362,0
7222,1
7306,0
7418,0
9572,0
4981,0
9714,0
11343,0
9355,0
473,0
11581,1
2495,0
11388,0
6095,0
11512,1
675,0
3582,0
10329,0
11572,1
9436,0
5974,0
11260,1
5472,0
6092,0
10984,0
10722,1
4452,0
6914,0
9727,0
8047,0
5055,0
4814,0
6756,0
5264,0
11820,1
6452,0
1908,0
3864,1
1193,0
8242,0
6877,0
343,1
4252,1
6384,0
3914,0
8788,1
7347,0
7063,1
10730,1
2925,0
5101,0
4208,0
11776,1
9669,0
5587,0
8032,0
8630,1
9400,0
2534,0
5957,0
11194,1
8911,0
2545,0
4319,0
2848,0
1269,0
3333,1
2064,1
1228,0
2609,0
3743,0
6929,0
7678,0
11622,1
8201,0
7574,0
6792,0
5345,0
639,0
3215,1
11028,0
10848,0
8268,1
11598,1
10426,1
10665,0
7751,0
5971,0
4675,0
7940,1
8769,0
1342,1
9591,0
1333,0
6835,0
11571,1
9690,0
11493,1
715,0
11021,1
4191,1
9094,0
8763,0
4744,0
1722,1
6653,0
8250,1
10809,0
287,0
8041,1
2721,1
7482,1
5823,0
3145,0
245,0
11648,1
3450,0
9729,0
4613,0
2356,0
10127,0
1605,0
4856,0
7539,1
11597,1
5023,0
5831,0
9046,1
6439,0
978,0
11095,0
5663,1
203,1
6630,0
4719,0
4791,1
1263,0
8929,1
4485,0
5548,0
11179,1
2740,0
11756,1
8170,1
4620,0
6423,1
11041,1
5245,0
10959,0
4397,0
8330,0
697,0
8603,0
11615,1
11492,1
11087,1
5018,0
5655,0
977,0
9147,1
4408,0
7661,0
781,1
9057,0
8956,0
166,0
7246,1
11062,1
11709,0
8969,1
7923,1
7293,0
9640,0
3388,0
4228,0
7917,0
10505,0
1062,1
11651,1
6425,0
9406,1
738,0
5902,1
10782,1
9188,0
2646,0
8751,1
7299,0
1101,1
9107,1
6336,0
11541,1
7674,0
10529,0
8164,0
9610,0
5797,0
2121,1
3266,0
2238,1
4531,1
10447,1
602,1
2839,1
11577,1
10724,1
2416,0
2710,0
1172,0
1682,1
3414,1
10033,0
5622,1
1962,0
11424,0
5304,0
5434,0
11315,0
9716,0
6462,1
7801,1
3691,0
11587,1
1200,0
8780,0
7967,0
6344,0
2840,0
11188,1
4382,0
4175,1
7481,1
2425,1
10723,1
6144,1
10939,0
1819,0
6440,0
10119,0
11643,1
2849,0
6222,1
6690,0
9935,0
2067,0
4141,0
11104,0
9557,0
9366,1
11483,0
11653,1
1037,0
11683,1
11632,1
11236,0
9499,0
11796,1
5095,0
10729,1
8135,0
8087,0
3609,0
3562,0
4800,0
3192,0
2761,1
5164,0
5026,0
11166,1
1699,0
1725,1
7065,0
10167,1
9619,0
2289,0
11578,1
201,1
6323,0
877,0
6551,0
5626,0
4262,0
11298,1
425,1
2119,1
3227,0
11202,1
11535,1
9883,0
968,0
3277,0
11666,1
3351,0
6746,0
1671,0
10711,0
8726,1
3125,0
0,1
7057,0
8241,0
4091,0
11173,1
1105,0
11334,0
9909,0
4374,0
5682,1
2278,1
4251,1
7074,0
2510,0
11783,1
10067,0
11638,1
5673,0
7282,1
224,0
4235,0
2475,0
7343,1
4555,0
842,0
9582,0
3585,1
7014,0
9586,1
10930,1
11789,1
8623,0
5100,0
8806,1
9356,0
11693,1
9346,1
11186,1
11668,1
11813,1
7808,0
696,0
9506,1
11599,1
6645,0
7632,0
11672,1
6760,0
5107,0
3273,1
4439,0
4114,1
776,0
8078,0
2259,0
11828,0
8867,1
11396,0
7724,0
7540,1
11070,0
8741,0
8229,1
6147,0
11130,0
810,0
10322,0
2431,0
5744,0
2213,0
1821,1
3775,0
9106,1
11624,1
11650,1
9664,0
7774,0
11495,1
10850,0
8281,0
629,0
5868,0
10286,1
2519,1
2258,1
10470,0
263,0
4288,0
5400,0
936,0
1706,0
6386,0
7714,0
1203,0
11715,0
11777,1
1430,0
449,0
8987,1
11659,1
4947,0
5994,0
802,1
11807,1
11462,0
7202,1
8148,1
1484,0
11616,1
6924,0
5197,0
10868,0
2347,0
11254,0
11674,1
2508,0
7027,0
3578,0
6486,0
4169,0
2531,0
5786,0
9326,1
1250,0
10964,1
8747,1
8753,0
4625,0
4806,0
4621,0
2300,1
5947,0
11184,1
6156,0
10833,0
6786,0
4535,0
8996,0
5850,0
4065,0
2241,1
400,0
9897,0
11508,1
3784,1
7686,0
11712,1
6633,0
6402,1
4755,0
4707,0
10460,0
9593,0
6249,0
10135,0
7245,1
1626,0
6471,0
9894,0
111,0
9625,0
7569,0
8113,0
4731,1
399,0
616,0
1805,1
2007,0
850,0
2298,1
10781,1
5451,1
10688,0
7355,0
8625,0
8465,0
5422,0
10221,0
7078,0
5103,0
2666,0
11802,1
3624,1
5471,1
10399,0
1869,0
3009,1
980,0
5709,0
11619,1
8606,1
9208,1
9437,0
4893,0
2053,0
6204,0
6287,0
8988,1
2684,0
1129,0
9529,1
8711,0
9398,0
533,0
7713,0
6805,0
8365,0
8986,1
8042,1
1087,0
233,0
11798,1
6942,1
3160,0
10822,1
852,0
7659,1
1634,0
11518,0
2504,0
6875,0
11299,1
3319,0
498,0
5439,0
4587,0
10376,0
4573,0
6946,0
3526,0
11001,0
9858,0
9222,0
10496,1
9526,1
10970,0
4530,0
7544,0
4695,0
501,1
5642,1
705,0
5706,0
8388,0
95,0
7183,1
7791,0
2481,1
9204,0
11663,1
5758,0
3078,0
4906,0
1024,0
7261,0
4373,0
1681,1
1041,1
6117,0
8059,1
8735,0
7106,0
521,1
575,0
1180,0
11788,1
7453,0
1401,1
2420,1
9787,1
11163,1
9303,0
11065,0
11534,1
8901,0
10864,1
7180,0
8360,0
1894,0
9701,0
6075,0
2065,1
9827,1
8557,0
9889,0
8703,0
6772,0
11214,1
3829,0
6962,1
4867,0
7807,0
10295,0
11303,1
11429,1
11506,1
2202,0
6955,0
11794,1
838,0
4270,0
361,1
2700,1
2703,1
11553,1
1261,1
11205,1
9708,1
11169,1
4069,0
7224,1
1300,0
1802,1
36,0
5896,0
3651,0
11732,1
9300,0
9072,0
9754,0
9484,0
11220,0
9624,0
5059,0
10009,0
9867,1
9533,0
10541,0
7184,1
2770,0
2145,0
9304,0
11043,1
7647,0
11140,0
2799,1
6078,0
11318,0
1990,0
7881,1
11453,0
11294,1
7311,0
2767,0
3832,0
6779,0
7168,0
6098,0
4720,0
1862,1
6076,0
9767,0
10839,0
4061,0
8851,0
5050,0
2120,1
11808,1
2522,1
5963,0
5560,0
9839,0
10933,0
3200,1
11736,1
10246,1
10386,1
711,0
342,1
10721,1
10091,0
8926,1
2640,1
11704,0
8040,1
2021,1
6262,1
4317,0
2800,1
6151,0
1765,0
4919,0
11263,1
51,0
6463,0
4743,0
10423,0
9369,0
3168,0
8423,0
1362,0
102,1
11162,1
4572,0
3010,1
11063,1
7204,1
1987,0
3013,0
9665,0
3224,0
256,0
2185,0
2805,0
6592,0
3421,0
5365,0
3350,0
11543,1
8270,1
11338,0
785,0
3622,0
899,0
1880,1
2639,1
7943,1
11474,0
6651,0
2207,0
10313,0
11642,1
11347,1
3018,0
10483,0
1419,0
4994,0
7849,0
8190,1
6550,0
4378,0
4416,0
10185,0
5244,0
7364,1
10222,0
7963,1
132,0
1724,1
11193,1
4813,0
2602,0
3122,0
7741,1
3882,0
4082,0
243,0
3262,0
6830,0
2279,1
4730,0
11677,1
7352,0
4633,0
10482,1
2610,0
411,0
11061,1
695,0
10000,0
9421,0
9278,0
3524,1
8350,0
9051,0
1585,0
3537,0
3077,1
4165,0
2699,1
6022,1
714,0
2165,0
3875,0
7951,0
10922,1
10294,0
8927,1
4121,0
9056,0
1417,0
4292,1
10419,0
4828,0
9979,0
2758,1
6124,1
8144,0
2590,0
6145,1
11656,1
9986,1
8666,1
7613,0
4338,0
7187,0
7979,1
9726,1
11122,1
2996,0
7824,1
6408,0
9977,0
329,0
797,0
11665,1
11685,1
281,1
4794,0
6453,0
6449,0
4664,0
5978,0
10612,0
3568,0
792,0
265,0
1053,0
11678,1
7781,1
4056,0
1762,0
8615,0
2738,1
2421,1
11165,1
6382,1
8394,0
10041,0
8472,0
761,1
5438,0
8732,0
5751,0
5889,0
2175,0
10649,0
4038,0
4074,1
7547,0
4471,1
10451,0
11738,1
4047,0
1733,0
5295,0
6036,0
8138,0
5799,0
11819,1
2518,1
4012,0
11305,1
10813,0
7160,0
9453,0
1525,0
8466,0
4780,0
10341,0
10887,0
10231,0
2931,0
2138,1
3080,0
1639,0
4903,0
8235,0
2,1
11569,1
26,0
6565,0
10493,0
3118,0
3791,0
1718,0
9467,1
512,0
6232,0
2359,1
7779,1
4811,1
10886,0
1974,0
7147,0
2016,0
3906,0
11513,1
7122,1
4928,0
2299,1
3625,1
5205,0
7760,1
5600,0
8354,0
1184,0
8932,0
11760,1
6035,0
3191,0
10595,1
7504,0
10542,0
11451,1
2659,1
1102,1
10070,0
11602,1
3213,1
2027,0
2200,1
11684,1
10209,0
9447,0
9185,0
3961,0
6042,1
5223,0
5492,1
11580,1
6153,0
8650,0
7278,0
385,0
9073,0
10926,1
8278,0
7480,1
292,0
7641,1
5541,0
1738,0
4778,0
1108,0
1322,1
5738,0
2571,0
2301,0
5591,0
5024,0
7662,0
1262,1
775,0
5380,0
9843,0
1040,0
454,0
11351,0
2581,1
5602,1
1933,0
9032,0
6068,0
8204,0
7941,1
2012,0
6582,1
127,0
4414,0
10204,0
2485,0
3,1
3345,0
10406,1
5272,1
6714,0
11326,1
6392,0
5929,0
247,0
10383,0
1181,1
10082,0
5875,0
8422,0
9975,0
5890,0
11771,1
1715,0
5195,0
11575,1
4824,0
11676,1
5494,0
3799,0
4601,0
2479,1
10614,0
11792,1
6949,0
7172,0
11605,1
9293,1
8646,1
11735,1
4435,0
4016,0
5726,0
5729,0
62,0
3938,0
3247,0
6040,0
3069,0
11629,1
2408,0
5685,0
10118,0
3099,0
5677,0
8674,0
11161,1
11391,0
5582,1
7353,0
3795,0
10367,0
1621,1
1488,0
2798,1
10107,1
3308,0
4284,0
6458,0
11606,1
1499,0
9254,0
1934,0
583,0
1796,0
4274,0
5314,0
8570,0
11289,1
7689,0
82,0
10683,0
1978,1
6742,1
5203,0
4586,0
6862,0
2893,0
10727,1
262,1
10945,0
2939,1
11261,1
8324,0
3643,0
3423,1
1421,1
9660,0
6442,1
10116,0
4380,0
7223,1
7576,0
9266,1
3947,0
2927,0
4411,1
4024,1
4844,0
11128,0
3289,0
3026,1
10054,0
8108,1
9672,0
3209,0
2977,0
2115,0
9289,1
5283,0
3717,0
5998,0
11531,1
11203,1
2832,0
6296,0
11206,1
11002,0
6814,0
5688,0
5355,0
1463,0
2317,0
4144,0
1761,1
6419,0
7494,0
7002,1
4080,0
11204,1
323,1
5853,0
9157,0
492,0
5926,0
7599,1
9178,0
864,0
10461,0
10154,0
5476,0
2878,0
1581,1
7286,0
7302,1
1422,1
9351,0
10973,0
8796,0
11533,1
10055,0
9150,1
10488,0
4602,0
9784,0
7243,1
376,0
5922,1
8898,0
7614,0
6983,0
10941,0
1349,0
9151,1
10979,0
7314,0
7742,0
2709,0
486,0
5657,0
4472,0
8756,0
6821,0
6444,0
9826,1
8429,0
11311,0
4611,1
9203,0
8508,0
389,0
11818,1
1624,0
10121,0
9054,0
1061,1
4795,0
4042,0
2779,1
10552,1
8107,0
3535,0
4711,1
11612,1
1967,0
756,0
6896,0
4315,0
1472,0
356,0
9733,0
8137,0
11036,0
4430,0
8043,1
892,0
9027,1
962,0
7399,1
8253,1
5841,0
9166,1
8160,0
8195,0
1032,0
4007,0
6989,0
10996,0
7541,1
10011,0
11675,1
7277,0
1997,0
11834,0
6385,0
2460,1
3253,0
7489,0
3964,1
9595,0
1878,1
1771,0
4686,0
7904,0
6306,0
9587,1
6879,0
4086,0
11823,1
8131,0
2458,1
1807,1
1954,0
2218,1
6242,1
5863,1
595,0
11829,0
1524,0
7721,1
1938,1
11282,1
11545,0
8226,0
2240,1
829,0
41,1
9667,1
10965,1
242,0
9616,0
11490,1
1783,1
142,1
2500,1
4496,0
3833,0
6842,1
901,1
6577,0
1433,0
3897,0
453,0
8322,0
6441,0
9922,0
11192,1
4026,0
2813,0
5930,0
8964,0
10870,0
7130,0
4174,1
4714,0
6404,0
10147,1
8231,0
7962,1
68,0
3206,1
11200,1
1649,0
2498,1
1921,1
701,1
11086,1
4809,0
601,1
2471,0
4033,0
3544,1
11687,1
6901,0
9316,0
6215,0
5617,0
8473,0
241,1
7981,1
7784,1
11449,1
7036,0
11655,1
23,1
9835,0
5089,0
9211,0
9632,0
1169,0
6874,0
795,0
5178,0
6799,0
11662,1
11644,1
10966,0
9717,0
11654,1
4243,0
893,0
3570,0
9746,1
11255,0
11435,1
5263,0
11378,0
1363,0
5962,1
6327,0
3802,0
8514,0
3840,0
7600,0
3223,0
1959,1
9014,0
8019,1
10261,0
527,0
2856,0
3439,0
8947,1
3187,0
9639,0
2680,0
11422,0
5627,0
3429,0
7479,1
4831,1
2394,0
11243,1
1160,0
4467,0
1847,0
8544,0
2076,0
3946,1
2582,0
6272,0
4865,0
8965,0
99,0
5288,0
8853,0
11488,1
6990,0
6555,0
8706,1
8744,0
10574,0
3639,0
3884,1
1808,1
5250,0
4244,0
618,0
2102,1
11407,0
421,1
10692,0
416,0
1812,1
6214,0
1861,1
4556,0
3432,1
2497,0
8062,0
2406,0
9607,0
11570,1
8699,0
3520,0
6175,0
5488,0
3952,0
1980,1
2988,1
9562,0
4329,0
3409,0
11123,1
7759,1
4792,1
4521,0
10361,0
6871,0
6806,0
10518,0
3008,1
1082,0
11623,1
2130,0
5837,0
9144,0
11280,1
4519,0
11664,1
5146,0
9849,0
2447,0
2583,0
5390,0
11576,1
5152,0
5235,0
9290,1
11774,1
9705,0
11762,1
11441,0
1056,0
10417,0
11286,1
8128,1
10841,1
6922,1
10547,0
8815,0
11103,0
405,0
7821,1
2423,1
3714,0
8594,0
11595,1
3412,0
4868,0
4988,0
883,0
2759,1
10975,0
4835,0
5887,0
7123,1
11426,1
6670,0
771,0
546,0
3270,0
7869,0
2440,1
3167,1
9473,0
10315,0
8273,0
5880,0
2098,1
9837,0
6422,1
3746,0
6798,0
4866,0
6134,0
1095,0
5796,0
9047,1
9274,0
1594,0
9026,1
3127,1
11542,1
10074,0
6324,0
9528,1
10039,0
4202,0
11669,1
3141,0
8307,0
931,0
10103,0
5975,0
7579,0
2179,1
9049,1
2702,1
11781,1
4294,0
8995,0
3522,0
1902,0
9246,1
8748,1
9003,0
1899,1
11549,1
7976,0
1822,1
1920,1
9429,0
6961,0
10977,0
1341,1
8248,1
11159,0
6038,0
130,0
11763,1
6850,0
7636,0
1837,0
1757,0
9806,1
3698,0
8129,1
7980,1
9105,0
634,0
2667,0
10700,0
7695,0
10720,0
5452,0
11226,0
3557,0
1629,0
6964,0
799,0
9327,0
3493,0
11793,1
6198,0
4907,0
6787,0
2513,0
8640,0
204,0
10701,1
5338,0
11611,1
10013,0
6310,0
115,0
5188,0
3996,0
2059,1
6638,0
2580,1
4540,0
5206,0
6958,0
7862,0
7752,0
10513,0
11586,1
8899,0
3296,1
2150,0
5324,0
9531,0
11657,1
1958,1
1873,0
11308,0
7965,1
5177,0
1927,0
4727,0
9122,0
11540,1
4437,0
5113,0
2499,1
8334,0
8702,0
