7322,1
5624,0
9749,0
4282,0
10658,0
11579,1
5065,0
10349,0
6724,0
7449,0
7515,0
1161,1
10364,0
7839,1
11811,1
6206,0
3448,0
10266,1
8864,0
2030,0
7556,0
3316,1
1758,0
7022,0
4845,0
11817,1
1843,1
11809,1
11215,1
9226,1
7536,0
6502,1
6478,0
8076,0
1918,1
2166,0
4643,0
9692,0
11042,1
8787,1
10267,1
2841,0
10861,1
821,1
141,1
7587,0
11288,1
2318,1
2043,0
1371,0
860,0
11733,1
9317,0
2089,0
9885,0
10661,1
5474,0
10140,0
9959,0
10487,0
2823,0
5938,0
3814,0
10851,0
10155,0
6719,0
3129,0
9803,0
10181,0
384,0
5645,0
8413,0
2891,0
4340,0
5029,0
5030,0
2833,0
627,0
11348,1
5782,1
9737,0
3347,0
10440,0
11201,1
11752,1
4758,0
7483,1
7068,0
9888,0
7639,1
2046,0
4410,0
10409,0
4851,1
1538,0
1826,1
1246,0
2184,0
8407,0
3154,0
8891,0
8746,1
10902,1
6682,1
88,0
7135,0
2122,1
1809,1
6583,0
10517,0
9247,1
1776,0
11199,1
10641,1
5531,0
4836,0
2482,0
121,1
1881,1
5942,1
1441,1
7519,1
4217,0
222,0
4463,0
9458,0
2911,0
199,0
10212,0
743,1
8306,0
11791,1
9703,0
9205,0
1231,0
7793,0
8692,0
3836,0
4157,0
11737,1
11233,0
4286,0
3903,0
9644,0
11784,1
11544,1
3365,0
2634,0
9546,1
10504,0
9647,1
4044,1
4212,1
6342,1
7621,1
5835,0
10205,0
10152,0
11312,0
10351,0
8475,0
10790,0
7044,1
433,0
2701,1
11238,0
2850,0
8088,1
11088,1
10264,0
10875,0
6621,0
11827,0
641,1
11170,1
10042,0
981,1
1034,0
7860,1
123,0
7612,0
11083,1
6754,0
8689,0
1663,1
5336,0
8249,1
7785,1
11526,1
5767,0
4192,0
10402,0
11171,1
5398,0
4152,0
1804,1
1876,0
1241,1
8922,0
6521,0
6002,1
1110,0
11682,1
10128,0
586,0
9486,1
4646,0
3281,0
5892,0
9066,1
11768,1
4313,0
10826,0
10175,0
5412,0
1512,0
1500,0
321,1
4127,0
10058,0
462,1
7972,0
11609,1
4043,0
381,1
11332,0
11427,1
310,0
999,0
11532,1
7823,1
21,1
187,0
10229,0
5836,0
5842,1
2239,1
5360,0
10062,0
250,0
2651,0
1067,0
5224,0
5228,0
1708,0
261,1
9258,0
7221,0
1942,0
7604,0
10514,1
11583,1
11195,1
870,0
11507,1
8925,0
3853,0
11433,1
28,0
10347,0
6838,0
500,0
8629,1
10564,0
11300,1
8527,0
11552,1
11625,1
2529,0
1849,0
3330,0
9060,0
5575,0
2418,1
9313,0
6267,0
11301,1
9840,0
1150,0
9474,0
6768,0
10097,0
240,0
3720,0
7984,1
282,1
6372,0
8252,1
10045,0
7329,0
10619,0
118,0
4965,0
11529,1
11079,0
1723,1
2558,1
3745,1
9502,0
11516,1
6420,0
2217,0
10362,0
7619,1
964,0
5000,0
1882,0
6782,1
8984,0
2970,0
9370,0
8712,0
8946,1
1175,0
2821,1
6430,0
4134,1
621,1
11367,1
2819,1
2505,0
8786,1
11211,1
3173,0
1803,1
4017,0
7929,0
3699,0
5383,0
10106,1
11621,1
677,0
6891,0
1458,0
2468,0
4541,0
10825,0
10867,0
11478,0
8211,0
1481,1
7432,0
7514,0
9890,0
7292,0
801,1
4833,0
11026,0
6229,0
10366,1
1060,0
2454,0
11797,1
10904,1
10432,0
9108,1
6218,0
11679,1
5388,0
2214,0
7009,0
6856,0
4271,1
9231,0
4770,0
10084,0
10884,1
11603,1
10533,0
4563,0
4242,0
11688,1
5411,1
8990,0
5497,0
2860,0
2678,1
7985,1
9538,0
5764,0
11814,1
11761,1
1820,0
2377,0
7787,0
8157,0
9460,0
7623,1
10258,0
7390,0
4133,0
2654,0
8590,0
3469,0
7879,1
11293,1
9700,0
3226,0
4877,0
10006,1
3161,0
9308,1
11528,1
8367,0
7964,1
9674,0
8000,1
4396,0
8363,0
2887,1
3128,0
9563,0
2697,0
9307,1
9906,1
4094,1
1516,0
10963,1
6427,0
9485,0
6520,0
8433,0
4030,0
9011,0
765,0
4371,0
3685,1
11167,1
5519,0
5331,1
2793,0
7676,0
2915,0
9991,0
3256,0
10225,0
5702,1
3925,1
4453,0
3485,1
11660,1
3534,0
9606,1
4600,0
8173,0
11750,0
3204,0
8887,1
11803,1
7143,0
5572,0
40,0
10288,0
3084,0
10921,1
7064,0
8906,1
9790,0
11189,1
10795,0
1561,1
4166,0
7419,1
2794,0
446,0
7039,0
1864,0
7633,0
7987,0
2959,1
5425,0
10410,0
1306,0
11686,1
10324,0
9176,0
844,0
3518,0
10992,0
7330,0
993,0
9833,0
8251,1
7360,0
100,0
2422,1
2428,0
3193,0
11589,1
3597,0
8191,1
1049,0
2028,0
5309,0
5260,0
5597,0
3394,1
5897,0
11487,1
7051,0
11024,0
7365,1
4736,0
2209,0
6274,0
4682,0
673,0
7288,0
11210,1
11296,1
1704,0
6524,0
3232,1
4628,0
2441,0
8188,1
483,0
11527,1
5236,0
11172,1
640,0
2532,0
122,0
7500,1
10254,0
7102,1
1473,0
6541,0
3007,0
1741,1
4015,0
1507,0
5391,1
481,1
10925,1
6731,0
2719,1
25,0
8068,1
2414,0
6758,0
3873,0
11812,1
1832,0
8327,0
2630,0
3311,0
11782,1
7205,1
8662,0
9795,0
580,0
4927,0
4366,0
1080,0
4932,1
8858,0
8770,0
11620,1
6745,0
10050,0
2314,0
6612,0
2158,1
780,0
3004,0
2038,1
1121,1
1311,0
3104,0
9637,0
8765,0
6762,1
1001,1
5395,0
2945,0
2555,0
7438,0
6802,1
6465,0
2078,1
5996,0
2449,0
8626,1
5371,1
1836,0
2600,1
1844,0
8125,0
2598,1
8259,0
2132,0
5092,1
8628,1
8028,0
8180,0
1842,1
9932,0
7611,0
1825,1
9993,0
11582,1
2019,1
4998,0
3879,0
5405,0
4553,0
5882,1
6361,0
10149,0
6150,0
430,0
1854,0
9036,0
7452,0
5207,0
1072,0
7116,0
11815,1
1127,0
6564,0
5153,0
4506,0
10494,1
11613,1
8001,1
2101,1
10014,0
6192,0
995,0
5862,1
11198,1
8937,0
9162,0
2619,1
10023,0
11471,0
4259,0
6692,0
11517,1
9117,0
9626,1
4804,0
2826,0
4651,0
3718,0
3245,0
2014,0
1495,0
2054,0
8112,0
7242,1
3271,1
2404,0
11614,1
7370,0
3479,0
6351,0
11143,1
3222,0
786,0
769,0
61,1
7994,0
7921,1
7082,1
179,0
1258,0
6383,1
56,0
7702,1
7883,1
8823,0
1830,0
7780,1
5589,0
8880,0
352,0
11142,1
3452,1
9446,1
1602,0
7792,0
10877,0
8979,0
4325,0
2424,1
1321,1
180,0
4376,0
6801,0
9866,1
7900,1
5514,0
4040,0
9622,0
10625,0
2834,0
3086,0
11550,1
2754,0
9706,1
10188,0
11566,1
6102,1
1336,0
8168,1
43,1
8165,0
11520,0
10928,1
11447,1
6556,0
11225,0
4164,0
3107,0
3758,0
4389,0
8829,1
2718,1
1813,1
11064,1
471,0
9898,0
8647,0
7822,1
11304,1
2902,0
3384,0
841,1
8335,0
11242,1
9405,0
9766,1
11574,1
10983,1
7042,1
11749,0
8460,0
3291,1
9099,0
9227,1
1133,0
611,0
10046,1
1710,0
3297,1
11446,1
10398,0
9236,0
6848,0
682,0
8587,0
2439,1
7783,1
7520,1
9360,0
7720,1
8928,1
10285,0
4891,1
11630,1
610,0
6894,0
10642,1
11536,1
441,1
2997,0
4739,0
3286,0
475,0
9086,1
8458,0
8256,0
10274,0
4879,0
8081,0
10306,1
11673,1
7162,1
2415,0
8778,0
6349,0
8907,1
9397,0
11747,0
1093,0
2081,1
11635,1
7381,1
10300,0
6133,0
7262,1
11765,1
1410,0
4931,1
4379,0
5775,0
5091,1
5644,0
8271,1
2090,0
6007,0
9361,0
3455,1
9256,0
5749,0
3686,1
6136,0
9347,0
2047,0
10326,1
8072,1
6558,0
2280,0
2662,0
176,0
7700,1
11610,1
4760,0
3507,0
2048,0
422,1
8789,1
4267,0
4980,0
7719,1
499,0
6182,1
11197,1
2728,0
5542,1
9136,0
11174,1
7059,0
3422,0
10466,1
6455,0
4474,0
10957,0
5449,0
7025,0
11734,1
9923,0
6775,0
650,0
4668,0
84,0
10962,1
3044,0
7094,0
10944,0
2538,1
10618,0
2199,1
1939,1
94,0
8230,1
6282,1
11810,1
581,1
6247,0
10918,0
10609,1
1806,1
523,1
7083,1
1799,0
8156,0
6926,0
2912,1
7564,0
8604,0
301,1
1726,1
3300,0
545,0
1981,0
8264,0
8781,0
661,1
4737,0
8574,0
11279,1
3303,0
11272,0
8177,0
8547,0
10633,0
8069,1
11696,0
6411,0
4564,0
4211,1
8046,0
3927,0
437,0
861,1
8830,0
973,0
6103,1
1810,1
6162,0
275,0
6143,1
10166,1
6094,0
6637,0
7768,0
10981,1
6295,0
98,0
8826,1
5274,0
3355,0
3866,1
1956,0
3503,0
2679,0
538,0
11306,0
3295,0
5691,0
4285,0
3985,0
11511,1
2400,1
2820,1
3147,1
6542,1
11152,0
284,0
11228,0
3484,1
5302,0
5742,1
272,0
9422,0
2774,0
1242,0
1909,0
11523,0
651,0
4669,0
11824,0
6767,0
4537,0
6188,0
5858,0
3941,0
6728,0
10434,0
11631,1
2579,1
7620,1
10214,0
11177,1
2517,0
1221,1
11588,1
10786,0
1625,0
10631,0
10545,0
2511,0
1701,1
4881,0
11216,1
5843,0
10728,1
9465,0
11731,0
3509,0
2478,1
7439,1
11253,0
5856,0
440,0
10581,0
7844,0
7501,1
1282,0
11799,1
8030,0
11596,1
4605,0
10854,0
3905,0
4224,0
1223,0
0147,1
11777,1
