3140,0
3819,0
6358,0
1706,0
11564,0
2911,0
6317,0
11810,1
6485,0
6922,1
2562,0
1183,0
11574,1
3194,0
7800,1
7928,0
2441,0
4482,0
10372,0
1772,0
10904,1
7749,0
4141,0
2440,1
10260,0
6605,0
6214,0
11494,1
8369,0
947,0
8000,1
10712,0
11629,1
9785,0
1219,0
1021,1
7267,0
6562,1
1659,0
5187,0
7374,0
11090,0
5245,0
9583,0
3626,1
11191,1
5265,0
8130,0
7623,1
8749,1
4612,0
2798,1
11631,1
8967,1
7559,1
10006,1
11086,1
9517,0
395,0
2118,1
7973,0
348,0
9287,1
6579,0
6698,0
2323,0
5535,0
11567,1
10939,0
11280,1
1074,0
11342,0
2169,0
6783,0
8179,0
3974,0
11014,0
9166,1
5404,0
3024,1
923,0
2220,1
821,1
11581,1
2504,0
6542,1
11744,0
10600,0
10943,0
1863,0
10434,0
9438,0
8806,1
10488,0
11446,1
11785,1
11611,1
7751,0
10754,0
1700,0
9628,0
11760,1
11792,1
10883,1
1984,0
3628,0
3426,0
2299,1
4901,0
4626,0
5842,1
11544,1
5269,0
8126,0
11543,1
6734,0
8511,0
8105,0
1978,1
9466,1
11542,1
10963,1
218,0
3873,0
5331,1
11302,1
7379,1
11141,1
5605,0
6217,0
7471,0
9853,0
1881,1
8841,0
4258,0
8236,0
9315,0
4219,0
4069,0
1629,0
1795,0
3232,1
10986,0
8780,0
9086,1
2201,1
10147,1
5922,1
6825,0
11783,1
7589,0
11575,1
240,0
10782,1
10858,0
11212,1
9573,0
7814,0
2839,1
9299,0
710,0
7772,0
4670,0
8337,0
10609,1
3774,0
5622,1
10701,1
11061,1
8810,0
8587,0
5324,0
11176,1
6458,0
11204,1
913,0
11654,1
4004,1
42,1
11609,1
2932,0
8089,0
6438,0
3595,0
2053,0
7722,0
5958,0
8849,1
8674,0
8281,0
8652,0
3767,1
7716,0
8383,0
10447,1
8116,0
7265,0
5546,0
3154,0
11663,1
8022,0
1497,0
11448,1
2483,0
10841,1
5139,0
8399,0
4065,0
6743,0
10743,0
6281,0
22,1
3063,0
6763,0
3884,1
3417,0
2548,0
5062,0
935,0
11453,0
3846,0
1783,1
2182,0
9694,0
9742,0
3181,0
7348,0
6796,0
3597,0
6223,0
6375,0
2910,0
8887,1
9562,0
11365,0
6345,0
1782,1
8540,0
3581,0
9704,0
10023,0
8628,1
59,0
2078,1
11642,1
9667,1
9215,0
3324,0
11687,1
6023,1
5080,0
7161,0
3809,0
4179,0
7584,0
5481,0
5001,0
10554,0
11671,1
3182,1
8227,0
5513,0
11430,1
10672,0
8229,1
11493,1
7431,0
2939,1
2462,0
141,1
9341,0
4285,0
3366,1
10054,0
6275,0
11296,1
10169,0
6794,0
11334,0
373,0
3264,0
4771,1
5007,0
6429,0
4865,0
4114,1
820,0
1530,0
9275,0
2852,0
1452,0
3704,1
8766,1
3508,0
837,0
10466,1
5510,0
1585,0
5574,0
11688,1
2500,1
921,1
522,1
2211,0
11189,1
1731,0
11803,1
11366,1
7923,1
11341,0
4207,0
5178,0
1616,0
10982,1
1439,0
2840,0
3299,0
11633,1
1407,0
7791,0
11583,1
7824,1
8276,0
1253,0
9808,0
2863,0
8482,0
441,1
9207,1
3673,0
872,0
11294,1
3200,1
6994,0
368,0
1937,0
8553,0
581,1
4613,0
2713,0
10482,1
5200,0
2892,1
9902,0
6182,1
1441,1
4971,1
1164,0
5202,0
6415,0
11614,1
1249,0
2126,0
1672,0
4291,1
10234,0
236,0
578,0
2101,1
1195,0
11555,0
11683,1
11409,0
3215,1
310,0
7105,1
2422,1
5874,0
6210,0
11467,1
10282,0
130,0
10834,0
10136,0
3066,0
1586,0
5190,0
5702,1
3998,0
10596,0
5659,0
11595,1
3664,1
1052,0
3090,0
6845,0
4331,0
1880,1
6539,0
2779,1
2459,1
4214,0
4350,0
2659,1
6793,0
2521,1
6383,1
2776,0
3856,0
9467,1
8066,0
5722,1
8907,1
6588,0
7599,1
11525,0
9148,1
10326,1
3061,0
3263,0
7770,0
2105,0
1762,0
11122,1
8230,1
9857,0
3766,1
232,0
7821,1
11819,1
11186,1
2861,0
1743,1
11340,0
1682,1
5441,0
715,0
3180,0
1541,1
8847,1
7492,0
8832,0
4292,1
9113,0
318,0
6402,1
9268,1
8786,1
9425,0
11295,1
7765,0
11571,1
11801,1
3254,0
3221,0
11582,1
5361,0
5305,0
5600,0
6727,0
11435,1
9606,1
41,1
11666,1
6181,0
9249,0
10970,0
8688,0
8509,0
11721,0
1041,1
8062,0
5885,0
1396,0
9261,0
10983,1
6371,0
6687,0
45,0
10897,0
3053,0
9960,0
2346,0
535,0
2303,0
10139,0
6890,0
9626,1
11779,1
10406,1
8251,1
10107,1
9551,0
8666,1
9690,0
8428,0
9473,0
6659,0
10286,1
9167,1
625,0
8623,0
9108,1
3380,0
11011,0
2721,1
3916,0
2760,1
8487,0
11829,0
10657,0
7955,0
2087,0
3784,1
5964,0
9424,0
9286,1
3197,0
979,0
8167,0
11645,1
10187,0
1202,0
3405,0
11184,1
4551,0
3688,0
7820,1
376,0
5849,0
8989,1
3668,0
3791,0
926,0
11175,1
642,1
3271,1
7687,0
4438,0
9612,0
1421,1
5788,0
8654,0
4465,0
3924,1
7708,0
10749,0
2300,1
8365,0
3907,0
4859,0
6031,0
463,0
2423,1
7373,0
6197,0
10087,0
11082,1
11173,1
9491,0
262,1
7715,0
695,0
752,0
7613,0
1087,0
1830,0
962,0
11209,1
4611,1
2191,0
1367,0
2491,0
5132,0
11821,1
8446,0
4181,0
7894,0
8946,1
4956,0
4568,0
3865,1
3785,1
118,0
8753,0
1800,0
11084,1
4399,0
4199,0
6559,0
3135,0
998,0
6526,0
6106,0
3834,0
3457,0
5862,1
10216,0
11213,1
6039,0
1635,0
3578,0
11454,0
7834,0
3007,0
5189,0
1754,0
6696,0
5,0
9935,0
898,0
6234,0
2658,1
724,0
2418,1
6776,0
9984,0
8948,0
289,0
10166,1
6940,0
4607,0
11198,1
922,0
878,0
229,0
681,1
10248,0
1213,0
465,0
10417,0
3456,0
8350,0
11490,1
8854,0
4246,0
2,1
8589,0
10735,0
11488,1
3199,0
1305,0
7499,1
10138,0
9279,0
34,0
3544,1
10801,1
2764,0
7780,1
7144,0
10413,0
10771,0
1401,1
3478,0
8518,0
7340,0
5906,0
5993,0
10632,0
8814,0
10594,1
3616,0
1723,1
10536,0
5403,0
7874,0
6550,0
3941,0
10888,0
11592,1
1835,0
9844,0
4429,0
6742,1
7413,0
11515,1
9025,0
11216,1
2473,0
156,0
11540,1
10227,1
11007,0
1726,1
4024,1
7263,1
2967,0
9840,0
7739,1
4156,0
8906,1
1506,0
9330,0
5194,0
7929,0
11290,1
11755,1
4851,1
2866,0
1813,1
8127,0
11811,1
3517,0
1227,0
1822,1
5882,1
803,0
10783,1
8264,0
11447,1
1443,0
7875,0
421,1
7924,1
8005,0
4367,0
10752,0
4792,1
7351,0
7591,0
1501,1
11044,1
4666,0
10183,0
11526,1
11648,1
11412,0
7059,0
10298,0
4262,0
11206,1
1821,1
1826,1
7166,0
3624,1
11286,1
452,0
5783,0
6782,1
8037,0
8238,0
4284,0
1062,1
5562,1
6208,0
10043,0
2012,0
5758,0
8258,0
478,0
1247,0
11603,1
11083,1
6694,0
443,0
11171,1
8545,0
2219,1
6215,0
9601,0
4158,0
8189,1
5642,1
1177,0
3381,0
11624,1
4989,0
2902,0
7860,1
1701,1
11756,1
8346,0
1857,0
1326,0
2435,0
975,0
1809,1
1839,0
6714,0
11795,1
6062,1
8796,0
10747,0
11635,1
11529,1
2821,1
2003,0
7760,1
2909,0
114,0
5074,0
171,0
6602,1
4514,0
4213,0
1866,0
5391,1
3082,0
11292,1
1665,0
6144,1
5214,0
11769,1
8088,1
3117,1
5822,1
523,1
2518,1
7407,0
3527,0
7662,0
9482,0
741,1
830,0
2706,0
525,0
3309,0
974,0
4148,0
2238,1
1381,1
10401,0
7900,1
902,1
11144,1
3129,0
3964,1
5828,0
3577,0
8768,0
6516,0
7483,1
7242,1
4599,0
9361,0
6828,0
901,1
9110,0
11428,1
2464,0
9616,0
6200,0
3104,0
5695,0
4622,0
6954,0
6611,0
903,0
7707,0
10736,0
6902,0
5271,1
7859,1
6202,1
10253,0
2195,0
10587,0
11164,1
11062,1
11395,0
3300,0
11312,0
4048,0
10016,0
10583,0
687,0
3871,0
9342,0
5553,0
11121,1
7637,0
5399,0
8111,0
1116,0
1900,0
688,0
1107,0
9706,1
11806,1
2408,0
3176,0
400,0
6535,0
2511,0
2216,0
11639,1
704,0
10003,0
11828,0
11790,1
3509,0
11075,0
3638,0
9210,0
3251,1
3945,1
4920,0
9120,0
1807,1
3859,0
9796,0
11601,1
3990,0
11291,1
6372,0
1231,0
3275,0
7881,1
1625,0
1632,0
4724,0
7667,0
3274,0
10551,0
2283,0
6343,0
488,0
11403,0
4063,0
2520,1
8269,1
9777,0
248,0
7686,0
4521,0
8824,0
2887,1
6762,1
4893,0
9526,1
9455,0
1681,1
11628,1
8386,0
9528,1
1517,0
10564,0
8419,0
1748,0
3665,0
1721,1
9426,1
1417,0
9029,0
2579,1
4694,0
6904,0
1166,0
10864,1
11808,1
9266,1
4005,1
6051,0
7411,0
11268,0
5584,0
1581,1
8495,0
2449,0
10441,0
5092,1
6760,0
11637,1
10556,0
9407,0
8866,1
11753,1
7266,0
7071,0
4391,0
10642,1
10844,0
654,0
4271,1
11434,1
5909,0
8424,0
8777,0
145,0
6812,0
2348,0
7439,1
7386,0
10287,1
2271,0
6568,0
4080,0
358,0
11517,1
3099,0
3971,0
5256,0
2929,1
10508,0
8645,0
9885,0
6332,0
4402,0
4071,0
3915,0
9603,0
4832,0
11622,1
61,1
5845,0
1268,0
2249,0
11612,1
7100,0
102,1
7503,1
5682,1
10728,1
7911,0
10966,0
10421,0
7290,0
5681,0
6366,0
7050,0
4330,0
11521,0
4839,0
2179,1
1930,0
10316,0
6993,0
8149,0
994,0
6488,0
10432,0
997,0
4991,1
7419,1
2369,0
6142,1
11275,0
781,1
8851,0
5581,0
9186,1
9609,0
3167,1
949,0
5494,0
7490,0
1673,0
10568,0
6814,0
11513,1
9686,1
7784,1
4555,0
10228,0
2720,1
10190,0
10086,1
8006,0
5775,0
10597,0
6159,0
11590,1
3170,0
9443,0
501,1
2116,0
6885,0
7065,0
8746,1
556,0
9887,0
10403,0
8655,0
3273,1
1812,1
9151,1
8932,0
7282,1
11205,1
6013,0
11692,1
8696,0
721,1
9900,0
1746,0
10244,0
602,1
69,0
9152,1
1977,0
6956,0
2022,0
2450,0
2199,1
1566,0
2387,0
8095,0
3858,0
6877,0
8892,0
11789,1
3586,1
9386,1
2960,0
4338,0
9072,0
11299,1
638,0
6105,0
4351,1
366,0
7815,0
11201,1
182,0
11223,0
5670,0
5812,0
2439,1
402,1
8630,1
5407,0
11234,0
4313,0
9460,0
10167,1
1963,0
7948,0
1699,0
9289,1
321,1
9245,0
9767,0
2699,1
4445,0
3132,0
3744,1
9827,1
8043,1
11512,1
7339,0
4556,0
6767,0
5021,0
1939,1
11836,0
11242,1
4701,0
1521,1
885,0
6702,1
13,0
9306,1
1621,1
4098,0
11709,0
10681,1
1042,1
2085,0
9786,1
306,0
5715,0
587,0
3238,0
11658,1
4177,0
11194,1
9332,0
1161,1
10076,0
9719,0
4884,0
6691,0
2898,0
7143,0
957,0
10993,0
9008,0
6699,0
11135,0
9529,1
3901,0
8668,0
7423,0
6996,0
7202,1
8397,0
6417,0
35,0
3633,0
2149,0
7901,1
1696,0
10242,0
1803,1
7307,0
9118,0
592,0
11732,1
2469,0
5335,0
9763,0
2819,1
1149,0
4050,0
482,1
3546,0
11649,1
6710,0
8044,1
9587,1
2881,0
3147,1
8792,0
10619,0
10984,0
4707,0
7262,1
10015,0
5861,0
7614,0
6096,0
4663,0
1811,1
988,0
2189,0
11767,1
7700,1
11047,0
341,1
2802,0
5442,0
7354,0
5064,0
6985,0
2481,1
7754,0
293,0
5962,1
10499,0
3333,1
10929,1
10489,0
11608,1
4202,0
5050,0
6589,0
1481,1
8128,1
6959,0
10586,0
4625,0
9918,0
3297,1
1017,0
3789,0
5480,0
8430,0
6676,0
4478,0
11586,1
9574,0
9666,1
5920,0
5011,1
10306,1
2891,0
5859,0
8135,0
10902,1
9439,0
7783,1
11765,1
4913,0
11092,0
8835,0
11413,0
8261,0
8771,0
4723,0
9556,0
11657,1
11536,1
10158,0
9060,0
3746,0
6942,1
6313,0
6744,0
9974,0
6633,0
3850,0
11304,1
9172,0
10295,0
5164,0
4295,0
10518,0
4083,0
7435,0
259,0
3522,0
11344,0
11516,1
8060,0
154,0
2426,0
11587,1
3584,1
4449,0
7921,1
2638,1
1459,0
4393,0
7130,0
11450,1
3579,0
8359,0
2279,1
6297,0
5365,0
8295,0
11326,1
6870,0
7885,0
3601,0
10691,0
3807,0
6820,0
8828,1
2298,1
6010,0
5198,0
7367,0
7942,1
743,1
6819,0
1490,0
8148,1
10997,0
7959,1
7660,1
5000,0
7704,0
6938,0
1755,0
4889,0
9487,0
3394,1
2608,0
2419,1
10849,0
6822,1
7300,0
3018,0
8773,0
6753,0
2407,0
11103,0
11705,0
2241,1
6692,0
3206,1
3904,1
8250,1
4157,0
11576,1
11235,0
11607,1
4468,0
3134,0
2590,0
2243,0
10424,0
8144,0
161,1
8252,1
11640,1
4452,0
2623,0
7405,0
6305,0
7640,1
7782,1
7482,1
10598,0
11788,1
2885,0
1339,0
4243,0
11773,1
2505,0
11440,0
7801,1
4940,0
5098,0
661,1
2045,0
3114,0
10821,1
11214,1
8559,0
10660,0
11822,1
7779,1
11142,1
1878,1
11328,0
10901,1
11693,1
8991,0
825,0
7863,0
9652,0
3479,0
5173,0
819,0
8481,0
5091,1
10822,1
7730,0
4732,0
11279,1
5123,0
11598,1
3323,0
7745,0
3327,0
3852,0
6361,0
3013,0
2215,0
7888,0
9366,1
8823,0
2060,1
572,0
11604,1
11655,1
3779,0
422,1
4974,0
10388,1
8001,1
4195,0
2383,0
3441,0
4191,1
11653,1
5499,0
6963,1
11185,1
1199,0
11265,0
4750,0
9309,0
7442,0
5902,1
11259,1
7183,1
2039,1
4414,0
10866,1
1547,0
9132,0
6536,0
6684,0
3630,0
4780,0
281,1
5362,0
9821,0
5297,0
11241,1
10125,0
5225,0
2138,1
1596,0
8908,1
5542,1
3646,0
6311,0
656,0
9486,1
11367,1
707,0
3713,0
2478,1
3879,0
10048,0
4365,0
7719,1
11768,1
1450,0
10579,0
2244,0
2678,1
7769,0
7291,0
7985,1
4998,0
6261,0
10570,0
10949,0
5016,0
10882,1
33,0
6886,0
6391,0
7781,1
1556,0
1323,1
11012,0
8639,0
1515,0
7464,0
6522,1
3313,0
1941,1
1241,1
81,1
3412,0
8760,0
9115,0
2792,0
7624,1
11336,0
8104,0
9071,0
197,0
5929,0
9340,0
7833,0
9465,0
8860,0
7399,1
9208,1
4570,0
7269,0
9807,0
782,0
2759,1
10857,0
7741,1
1797,0
9316,0
8042,1
2907,0
4008,0
7581,0
9227,1
11293,1
6065,0
4736,0
5665,0
3423,1
1725,1
3116,0
2282,0
1384,0
9027,1
4703,0
5498,0
2800,1
8522,0
10595,1
5419,0
3352,0
1804,1
4894,0
9581,0
6287,0
7044,1
8600,0
129,0
9623,0
6042,1
6180,0
9131,0
10878,0
1170,0
1641,1
2421,1
11208,1
10495,1
6243,0
3825,0
6089,0
10601,0
2696,0
7303,1
9700,0
11597,1
11548,1
1666,0
2122,1
10283,0
4773,0
750,0
370,0
3815,0
843,0
5539,0
9269,1
3635,0
3804,1
10899,0
5754,0
11407,0
5279,0
7002,1
9657,0
1902,0
10758,0
7121,0
1798,0
7103,1
7518,0
11469,0
667,0
9107,1
9926,1
1823,1
9748,0
1374,0
10731,0
7049,0
3395,0
4908,0
6498,0
10924,1
2647,0
210,0
8848,1
11566,1
11180,1
3566,0
7992,0
5322,0
7479,1
5779,0
401,1
11763,1
6682,1
6622,1
11484,0
4507,0
5031,1
11510,1
2398,1
4932,1
4143,0
4481,0
9550,0
6925,0
1453,0
11731,0
9278,0
10885,0
498,0
3980,0
7899,1
5418,0
10097,0
10575,0
7663,0
8274,0
9886,1
11170,1
9566,1
11284,1
7005,0
3944,1
3564,1
11584,1
11718,0
6632,0
2162,0
5863,1
5206,0
1951,0
5517,0
3157,0
11672,1
6019,0
1454,0
692,0
5942,1
6457,0
8964,0
1631,0
802,1
2089,0
21,1
11480,0
7943,1
6785,0
3252,0
10347,0
68,0
4499,0
3326,0
6527,0
7619,1
4180,0
8270,1
1511,0
253,0
8442,0
1695,0
9865,0
832,0
11804,1
7852,0
1141,1
9164,0
5478,0
11546,1
9511,0
7081,0
8280,0
7680,0
5798,0
11656,1
494,0
8867,1
4560,0
7063,1
4422,0
6164,0
10930,1
7799,1
5005,0
10705,0
6227,0
7850,0
1486,0
6152,0
8488,0
7042,1
1613,0
6546,0
518,0
11076,0
5226,0
2516,0
10896,0
3226,0
261,1
342,1
9163,0
5195,0
4359,0
7115,0
589,0
5191,0
9527,1
2425,1
410,0
10206,0
1435,0
8788,1
8680,0
6728,0
265,0
8039,1
5485,0
5559,0
6411,0
10571,0
11621,1
1717,0
1558,0
10829,0
3631,0
9546,1
7555,0
761,1
3539,0
5691,0
5560,0
9106,1
10985,0
11682,1
3532,0
3594,0
1461,1
3118,0
11706,0
5693,0
3499,0
7720,1
7380,1
7794,0
6939,0
4500,0
6951,0
10887,0
3780,0
9646,1
8279,0
9174,0
3897,0
9389,0
11538,1
10066,1
9643,0
2458,1
757,0
7243,1
2000,0
63,0
7271,0
11685,1
2178,1
1986,0
5633,0
8653,0
8826,1
3550,0
10881,1
11495,1
8751,1
9390,0
11675,1
7560,1
2038,1
502,1
11504,0
4171,0
1361,1
1718,0
2200,1
10522,0
7701,1
532,0
7991,0
8065,0
6566,0
2214,0
1262,1
7122,1
2332,0
8136,0
8719,0
2027,0
1780,0
871,0
7854,0
11282,1
3658,0
6445,0
9479,0
1056,0
3406,0
10898,0
2099,1
3583,0
6722,1
9876,0
796,0
495,0
3317,0
4616,0
2498,1
2063,1
6808,0
5308,0
11520,0
10675,0
4251,1
11741,0
11192,1
11787,1
4731,1
5431,1
8829,1
7645,0
8014,0
2121,1
5489,0
11802,1
2161,0
7452,0
8881,0
11117,0
655,0
7213,0
8633,0
5935,0
2024,0
10861,1
9135,0
2959,1
11404,0
7415,0
2231,0
477,0
5761,0
853,0
1735,0
11327,1
7709,0
5990,0
8888,1
3272,1
3949,0
6117,0
8168,1
3685,1
11020,0
11580,1
1035,0
5933,0
288,0
2979,1
5071,1
1602,0
6337,0
5680,0
3484,1
11260,1
6017,0
10789,0
3397,0
5451,1
8484,0
327,0
8861,0
6523,0
4593,0
11255,0
207,0
3432,1
9216,0
1342,1
5770,0
10116,0
4846,0
8789,1
10651,0
6507,0
8477,0
5995,0
1101,1
6307,0
9122,0
5511,1
11308,0
2330,0
9308,1
3768,0
9591,0
8585,0
8215,0
2284,0
23,1
2302,0
9328,0
6439,0
5114,0
2487,0
4658,0
11331,0
1781,1
8242,0
4734,0
7302,1
2998,0
3242,1
1089,0
4798,0
6583,0
9986,1
8489,0
941,1
8629,1
7537,0
11143,1
1709,0
9831,0
7795,0
7651,0
6162,0
1057,0
2784,0
9258,0
3307,0
1162,0
4319,0
43,1
7922,1
9614,0
10239,0
7108,0
11646,1
11578,1
5832,0
4954,0
840,0
10247,1
2523,1
8745,0
3424,0
9492,0
2436,0
3485,1
38,0
6098,0
11820,1
10112,0
8029,0
7472,0
2180,1
8801,0
6946,0
6122,1
1854,0
2656,0
541,1
10921,1
7475,0
2021,1
6856,0
4905,0
9516,0
11739,1
1801,1
3611,0
4617,0
8188,1
6780,0
7094,0
8163,0
3854,0
10987,0
5582,1
3291,1
7328,0
6087,0
11734,1
8226,0
3466,0
6077,0
7245,1
7125,0
7961,1
3330,0
2256,0
599,0
4725,0
3988,0
2064,1
8903,0
10730,1
2080,1
1500,0
11032,0
6644,0
9833,0
6086,0
1472,0
8718,0
7343,1
1890,0
6652,0
3133,0
889,0
5210,0
6584,0
1321,1
8975,0
1879,1
7520,1
3715,0
5999,0
450,0
7123,1
5079,0
7236,0
3171,0
9331,0
2221,1
4052,0
7946,0
1100,0
11630,1
524,0
5983,1
8927,1
7459,1
9146,1
2522,1
1661,1
5063,0
9588,1
5128,0
11471,0
2067,0
137,0
8914,0
10932,0
4094,1
11818,1
9624,0
4652,0
1281,1
11620,1
6552,0
263,0
11644,1
9055,0
455,0
5985,0
7702,1
338,0
3996,0
4053,0
6374,0
2620,1
1697,0
10083,0
5602,1
7322,1
11670,1
7634,0
11238,0
7806,0
4409,0
6338,0
9383,0
8520,0
11182,1
9768,0
1341,1
2098,1
7656,0
7162,1
3553,0
9241,0
4089,0
1609,0
9846,1
11319,0
2736,0
9129,0
3979,0
8516,0
11549,1
10700,0
1061,1
3303,0
2538,1
11190,1
9288,1
1071,0
3091,0
1364,0
6736,0
9568,0
7635,0
5918,0
9474,0
11278,0
3723,0
11071,0
6022,1
5979,0
10610,1
801,1
2305,0
11800,1
2205,0
5944,0
9966,1
10965,1
6262,1
9991,0
56,0
3968,0
10523,0
3124,0
892,0
4721,0
194,0
11593,1
9707,1
92,0
7738,0
5274,0
2334,0
9126,0
1467,0
2320,0
6082,1
2399,1
11081,1
11797,1
10773,0
1320,0
6145,1
5066,0
2729,0
1185,0
1337,0
1903,0
11772,1
3576,0
7785,1
3010,1
1335,0
5516,0
11262,1
8536,0
7960,1
11064,1
11100,0
11712,1
4431,0
5213,0
9053,0
4455,0
9922,0
11809,1
10042,0
7323,1
511,0
3302,0
1805,1
10496,1
2572,0
9109,1
10905,1
3110,0
10581,0
5791,0
7914,0
11288,1
4888,0
2904,0
10944,0
149,0
7825,0
2675,0
7983,1
2780,0
9147,1
381,1
2479,1
693,0
1201,1
11028,0
10873,0
9339,0
8716,0
2554,0
6995,0
4519,0
4172,0
4532,0
2945,0
7408,0
2716,0
11166,1
9869,0
6686,0
10903,1
10916,0
7965,1
11650,1
7668,0
2345,0
11757,1
3526,0
2002,0
6647,0
2427,0
536,0
6690,0
11641,1
6627,0
8139,0
762,0
7822,1
1698,0
6853,0
2618,1
209,0
3190,0
2913,0
7083,1
10555,0
11754,1
5610,0
4891,1
5850,0
7365,1
8228,1
9112,0
9578,0
1181,1
8070,1
5811,0
3453,1
243,0
5725,0
1211,0
10150,0
2071,0
5796,0
6973,0
11460,0
2896,0
10491,0
282,1
11230,0
1034,0
6322,1
481,1
700,0
9506,1
861,1
216,0
1,1
8426,0
6173,0
2519,1
3445,0
7055,0
11000,0
3759,0
203,1
2963,0
3608,0
11181,1
160,0
7980,1
11196,1
6260,0
1919,1
6302,1
7622,1
1369,0
4203,0
8162,0
11532,1
8315,0
4887,0
11113,0
7574,0
367,0
2640,1
10436,0
1859,1
10648,0
8705,0
6080,0
2806,0
4196,0
2159,0
3001,0
1982,0
1898,1
5923,0
419,0
6462,1
7362,1
11163,1
323,1
6464,0
4534,0
10176,0
9406,1
7840,0
5821,0
6616,0
7823,1
11632,1
8894,0
10370,0
5491,1
7400,0
11345,0
11252,0
2104,0
1427,0
10399,0
1861,1
1471,0
1841,1
7887,0
9642,0
3493,0
984,0
9041,0
4929,0
3573,0
772,0
7519,1
7964,1
11506,1
11442,0
9985,0
2296,0
6123,1
11602,1
3925,1
11786,1
5834,0
8248,1
11406,1
3224,0
5118,0
7997,0
1043,0
9764,0
7204,1
11045,0
6143,1
9774,0
8253,1
6460,0
7941,1
2927,0
7180,0
590,0
1263,0
8197,0
7326,0
2650,0
3524,1
2786,0
4520,0
9290,1
303,0
6422,1
1220,0
8027,0
3641,0
9281,0
2058,1
1418,0
10892,0
701,1
2100,1
2612,0
7444,0
10240,0
351,0
9246,1
286,0
8421,0
1550,0
11165,1
5955,0
5057,0
10020,0
7085,0
241,1
2065,1
10186,1
9226,1
6103,1
10426,1
6244,0
11668,1
11063,1
7230,0
361,1
11346,1
8494,0
10256,0
4293,0
4997,0
5869,0
1999,1
6612,0
9128,0
7184,1
200,0
11691,1
5363,0
11568,1
1479,0
2598,1
4934,0
4871,1
11799,1
1724,1
3961,0
6155,0
2424,1
11547,1
5616,0
1194,0
11762,1
11177,1
11570,1
5461,0
0,1
11394,0
11638,1
8330,0
7295,0
858,0
10334,0
4212,1
7360,0
4806,0
8059,1
4237,0
5713,0
2204,0
10358,0
1507,0
3094,0
382,0
1764,0
11289,1
9,0
4698,0
11678,1
6898,0
10501,0
5429,0
10507,0
11197,1
2315,0
7073,0
517,0
9334,0
673,0
7546,0
9693,0
5445,0
11240,1
5267,0
3714,0
3849,0
11348,1
5460,0
696,0
3502,0
2773,0
11287,1
11591,1
9136,0
4808,0
90,0
9522,0
8574,0
438,0
9001,0
7019,0
10638,0
2020,1
8576,0
6512,0
1148,0
11429,1
9304,0
4941,0
9552,0
95,0
7621,1
3745,1
10156,0
2082,1
4794,0
4358,0
4224,0
10266,1
5824,0
9878,0
11421,0
7706,0
9668,0
7036,0
7777,0
2097,0
9787,1
3874,0
2120,1
2621,1
101,1
1022,1
8,0
2924,0
1377,0
6573,0
1391,0
1068,0
1478,0
9247,1
3,1
10407,0
8700,0
783,0
3339,0
6893,0
4059,0
2700,1
7999,1
7465,0
9634,0
4864,0
2765,0
1979,1
322,1
36,0
3689,0
2062,1
10991,0
5743,0
11825,0
6628,0
6002,1
2702,1
11356,0
8068,1
10345,0
3824,1
981,1
11774,1
100,0
2135,0
391,0
1542,0
9397,0
5532,0
10786,0
8631,0
7953,0
10964,1
4739,0
2074,0
11569,1
7734,0
2714,0
6336,0
8846,1
6025,0
3305,0
5303,0
4943,0
8987,1
2689,0
7847,0
11623,1
6424,1
11606,1
10926,1
1908,0
1551,0
10884,1
5244,0
11104,0
9446,1
8532,0
8755,0
5147,0
2703,1
9687,0
5555,0
3625,1
337,0
8448,0
9157,0
1958,1
10285,0
4938,0
10095,0
7937,0
8072,1
566,0
5789,0
2908,0
4668,0
8706,1
8278,0
11172,1
9429,0
5721,0
10847,0
11738,1
10046,1
5887,0
7022,0
8343,0
6409,0
221,1
11647,1
7954,0
2218,1
10204,0
10915,0
5065,0
8728,0
9515,0
5492,1
8951,0
10346,1
8750,1
4448,0
9828,0
7883,1
810,0
8224,0
8741,0
6892,0
2805,0
11766,1
1920,1
4062,0
2228,0
7021,0
11815,1
4215,0
1668,0
6693,0
10891,0
6240,0
5668,0
1000,0
5570,0
11636,1
6124,1
10722,1
2158,1
555,0
10132,0
4471,1
9095,0
3079,0
3864,1
11660,1
11261,1
7576,0
4504,0
845,0
6384,0
11203,1
10942,0
3620,0
7223,1
11511,1
3691,0
4121,0
11673,1
3057,1
5216,0
6153,0
11791,1
3923,0
7154,0
5981,0
7102,1
7082,1
9294,1
11267,0
3866,1
7270,0
307,0
7827,0
4082,0
3890,0
6221,0
3036,0
8314,0
2431,0
72,0
11528,1
1716,0
2789,0
1093,0
3764,1
4727,0
11085,1
8868,1
8926,1
8451,0
11285,1
8297,1
10409,0
7757,0
1492,0
6470,0
4327,0
6476,0
4000,0
6038,0
8517,0
8955,0
1971,0
6052,0
10711,0
1989,0
392,0
5956,0
3498,0
8897,0
7259,0
5745,0
6211,0
1683,1
2580,1
11449,1
8351,0
11228,0
9947,1
6048,0
8886,1
11439,0
11681,1
2938,0
601,1
11533,1
9877,0
11106,0
11432,1
10514,1
6642,1
11298,1
6242,1
8400,0
1109,0
9732,0
9125,0
4791,1
657,0
11178,1
9101,0
6990,0
2397,0
8717,0
7869,0
8190,1
4715,0
5323,0
831,0
2461,1
10931,0
3830,0
11684,1
11805,1
9946,1
230,0
7534,0
8561,0
2123,1
10860,0
11487,1
11436,1
5506,0
11509,1
9579,0
9088,0
10918,0
9205,0
11168,1
4708,0
4497,0
9484,0
2599,1
3752,0
5420,0
5175,0
5302,0
6741,0
6324,0
11508,1
4337,0
1327,0
3322,0
2438,1
8662,0
6510,0
8947,1
8147,0
5742,1
7104,1
4667,0
5597,0
3905,0
6036,0
5465,0
6094,0
3845,0
8646,1
11627,1
5960,0
2651,0
7733,0
4814,0
10645,0
4664,0
7920,1
11699,0
1877,0
2102,1
11689,1
1264,0
4586,0
1819,0
910,0
11599,1
2460,1
5105,0
181,1
2454,0
3909,0
11283,1
1122,0
3882,0
6362,1
11701,0
1440,0
2549,0
2245,0
8173,0
8393,0
9553,0
5720,0
8245,0
462,1
5111,1
8182,0
11585,1
11115,0
1591,0
2198,1
2953,0
11724,0
4545,0
7696,0
2131,0
4751,1
7819,1
5313,0
2050,0
4273,0
1642,0
11043,1
9350,0
6044,0
2825,0
9225,0
304,0
9267,1
4827,0
7052,0
2412,0
6015,0
1301,1
9038,0
2119,1
2995,0
10369,0
5701,0
7533,0
2433,0
4930,0
6738,0
6750,0
6431,0
11573,1
7280,0
2818,1
11433,1
1001,1
4232,0
415,0
9867,1
2591,0
742,1
11634,1
4332,0
10690,0
1111,0
2019,1
2420,1
8988,1
10935,0
2639,1
9046,1
9907,0
10815,0
9150,1
2681,0
372,0
10448,1
1688,0
3444,0
8306,0
6835,0
11777,1
650,0
11798,1
3214,1
11329,0
2685,0
5383,0
6600,0
4275,0
8287,1
3460,0
9586,1
8311,0
3610,0
8404,0
5449,0
1998,1
11667,1
5738,0
10814,0
11534,1
9696,0
8176,0
4945,0
11823,1
1856,0
11761,1
1997,0
8956,0
9012,0
10318,0
5157,0
5661,0
7215,0
3041,0
11179,1
6389,0
5564,0
10865,1
1827,0
1466,0
11813,1
4972,0
3349,0
3207,0
4506,0
8256,0
10627,1
11617,1
10552,1
2836,0
5349,0
11200,1
6521,0
10936,0
7016,0
11041,1
11466,1
6502,1
6482,1
11652,1
8873,0
5651,0
11476,0
10925,1
2167,0
4130,0
5423,0
9153,0
5487,0
774,0
8112,0
9746,1
2718,1
8268,1
7388,0
4078,0
8108,1
7095,0
8821,0
3822,0
1529,0
11042,1
9916,0
3585,1
10626,0
2988,1
3548,0
9049,1
9037,0
484,0
1888,0
11021,1
11619,1
2166,0
9856,0
11600,1
10962,1
5453,0
6764,0
5762,1
1102,1
4531,1
11826,0
3447,0
5161,0
1310,0
8960,0
2061,1
4476,0
3210,0
561,1
2257,0
5965,0
6947,0
3464,1
8584,0
55,0
850,0
10593,1
6594,0
3032,0
6969,0
1938,1
11661,1
11733,1
1899,1
9590,0
3910,0
3243,1
9175,0
7182,1
1278,0
2577,0
2009,0
7160,0
7981,1
6918,0
8752,1
3017,0
8787,1
424,1
11664,1
7285,0
2110,0
7500,1
3503,0
11222,0
11102,0
1959,1
1294,0
11615,1
10191,0
3137,0
1975,0
5401,0
11218,1
10146,1
6928,0
7058,0
9708,1
9989,0
3267,0
485,0
5646,0
6618,0
671,0
7090,0
6621,0
9134,0
9141,0
4375,0
5438,0
10870,0
11489,1
11246,0
6962,1
9660,0
6456,0
9861,0
10477,0
6245,0
436,0
7556,0
2778,1
11217,1
11224,0
1742,1
2741,0
2400,1
10817,0
1124,0
7370,0
10443,0
4234,0
4804,0
1848,0
11116,0
214,0
8552,0
7659,1
10425,0
6729,0
9645,0
299,0
3332,0
7381,1
10539,0
841,1
6831,0
8031,0
4603,0
5593,0
2117,0
4489,0
9499,0
11796,1
4247,0
3701,0
7357,0
582,1
4784,0
8785,0
1303,0
4919,0
2551,0
7541,1
7639,1
5285,0
11364,0
7241,0
27,0
3266,0
7787,0
2145,0
11107,0
2187,0
7142,1
2242,0
11665,1
5486,0
1928,0
343,1
6341,0
703,0
6980,0
4742,0
3876,0
10300,0
739,0
364,0
9349,0
6130,0
7043,1
9928,0
8019,1
10446,1
4879,0
3724,1
6905,0
9791,0
4174,1
10922,1
1416,0
5143,0
6126,0
11752,1
7219,0
4831,1
9224,0
256,0
11736,1
201,1
11793,1
6193,0
7725,0
897,0
10906,1
10025,0
10077,0
6740,0
11778,1
10954,0
1615,0
1132,0
3073,0
5598,0
744,1
10196,0
94,0
159,0
11147,0
7835,0
2834,0
1499,0
5663,1
4801,0
3279,0
2079,1
10155,0
4231,1
193,0
8129,1
8377,1
11002,0
855,0
1788,0
11195,1
10664,0
3593,0
1426,0
5829,0
3899,0
5963,0
1753,0
