389,0
1843,1
9558,0
11679,1
10387,1
11297,1
2059,1
11572,1
6378,0
11784,1
1158,0
2044,0
4297,0
11594,1
3948,0
1526,0
8271,1
6423,1
6170,0
3055,0
11101,1
4877,0
11539,1
11303,1
11199,1
2912,1
4838,0
1014,0
2293,0
8822,0
425,1
3282,0
1457,0
9990,0
4572,0
5533,0
4074,1
3219,0
9697,0
1200,0
6955,0
3183,0
4134,1
6640,0
6368,0
9547,0
3396,0
9326,1
1825,1
2030,0
7450,0
3228,0
4933,0
740,0
10405,0
7759,1
8627,1
6251,0
1430,0
10057,0
9006,1
10212,0
1824,1
5787,0
3686,1
11579,1
2359,1
7650,0
9009,0
10106,1
10673,0
7420,1
8929,1
8040,1
1761,1
11677,1
11781,1
4079,0
6580,0
11080,0
9045,0
7950,0
6561,0
2558,1
1918,1
9357,0
7740,1
11817,1
9047,1
11662,1
3248,0
8747,1
7134,0
3025,1
7596,0
765,0
1422,1
6196,0
8503,0
3287,0
11371,0
3455,1
2258,1
3026,1
8843,0
5774,0
3794,0
11231,0
7786,1
8644,0
3155,0
2018,1
4066,0
5730,0
1360,0
4411,1
2331,0
1806,1
5531,0
7062,1
1734,0
1560,0
881,1
5982,1
11613,1
4040,0
9337,0
2355,0
10671,0
10530,0
3191,0
7839,1
9004,0
44,0
1215,0
423,1
8283,0
3605,0
10923,1
808,0
1828,0
8041,1
5411,1
554,0
11816,1
11266,0
9291,1
9541,0
5967,0
10159,0
7569,0
9721,0
7481,1
9345,0
123,0
11123,1
10550,1
11398,0
6649,0
10624,0
9364,0
10717,0
4339,0
3292,0
11070,0
10927,1
2270,0
1676,0
11415,0
844,0
3957,0
2567,0
4343,0
4951,1
3712,0
317,0
11300,1
11161,1
10246,1
5054,0
7260,0
4947,0
5272,1
2811,0
5835,0
10366,1
1121,1
1012,0
2318,1
10411,0
11211,1
10723,1
3989,0
142,1
121,1
4097,0
10442,0
429,0
1352,0
3844,1
1221,1
8608,0
1037,0
10320,0
1892,0
10294,0
6406,0
10636,0
6544,0
3469,0
11710,0
5204,0
11530,1
10724,1
7679,1
9028,1
1895,0
6101,0
4175,1
5153,0
6198,0
11451,1
3889,0
7666,0
10863,1
9410,0
6304,0
4849,0
8807,1
4125,0
1097,0
2794,0
3772,0
7140,0
11139,0
4982,0
4162,0
8381,0
2288,0
11263,1
7979,1
8969,1
2758,1
11492,1
5262,0
8288,1
10573,1
10621,0
5430,0
6111,0
5683,1
6076,0
2239,1
11537,1
4509,0
8169,1
3867,0
2858,1
8895,0
9026,1
6356,0
3463,0
3454,1
9149,1
8795,0
52,0
11426,1
6712,0
3043,0
1940,1
1567,0
7767,0
1259,0
4906,0
2738,1
7203,1
11507,1
5069,0
1808,1
4675,0
1955,0
2698,1
11735,1
4671,0
6165,0
11386,1
9956,0
1802,1
7205,1
865,0
5203,0
11589,1
11427,1
7919,1
11618,1
6601,0
1473,0
5496,0
8614,0
6272,0
11527,1
8187,0
10585,0
5459,0
4911,1
9346,1
9445,0
5802,1
3843,0
8827,1
9079,0
713,0
11256,0
10781,1
3364,0
1862,1
7378,0
9373,0
11770,1
9959,0
9273,0
7812,0
4800,0
1353,0
7008,0
11167,1
11780,1
10267,1
6719,0
7163,1
11535,1
9495,0
5925,0
4554,0
3572,0
4252,1
2358,1
7692,0
10272,0
4643,0
877,0
11553,1
8982,0
3545,0
11031,0
7951,0
4639,0
11552,1
4017,0
3599,0
3009,1
5751,0
4003,0
809,0
784,0
3946,1
11759,1
8604,0
5412,0
7774,0
10327,0
11188,1
10845,0
7578,0
11370,0
2850,0
4931,1
7164,0
4229,0
7641,1
10064,0
9906,1
7841,0
2428,0
6689,0
6382,1
1444,0
11674,1
9158,0
3878,0
8606,1
9347,0
8519,0
11551,1
9981,0
7721,1
1113,0
2619,1
7222,1
5611,0
7940,1
9048,1
3934,0
2693,0
4150,0
6501,0
5472,0
9066,1
10999,0
3008,1
5851,0
10390,0
1005,0
3075,0
940,0
6146,0
11776,1
3452,1
8928,1
7039,0
503,0
4546,0
1921,1
2514,0
8064,0
4081,0
2544,0
3777,0
1663,1
1954,0
9647,1
3549,0
7620,1
5456,0
1662,1
3415,1
10419,0
3316,1
11193,1
8594,0
2660,1
9942,0
7726,0
3077,1
9584,0
3201,1
513,0
10741,1
7494,0
4398,0
1251,0
1588,0
10567,1
674,0
6772,0
162,0
5085,0
2600,1
9761,0
521,1
3604,1
1810,1
8863,0
4067,0
6867,0
4817,0
1322,1
11643,1
6442,1
4070,0
10226,1
9715,0
11233,0
2084,0
9727,0
11129,0
7077,0
8748,1
3560,0
5572,0
6977,0
4979,0
7232,0
11550,1
6238,0
7540,1
11771,1
2661,0
5229,0
790,0
7137,0
7849,0
4354,0
7984,1
11210,1
11477,0
9435,0
2281,0
10337,0
4011,0
8069,1
3580,0
4044,1
6425,0
1059,0
11794,1
5994,0
11006,0
6449,0
7796,0
7879,1
9206,1
5384,0
6663,0
3892,0
2148,0
10026,1
7982,1
9806,1
1510,0
8622,0
414,0
1477,0
1488,0
4190,0
622,0
10699,0
2801,0
11088,1
11207,1
8697,0
8945,0
7545,0
4206,0
6410,0
8191,1
3554,0
394,0
11669,1
948,0
11686,1
4392,0
1436,0
806,0
1345,0
1378,0
11758,1
6090,0
2581,1
11503,0
11347,1
6280,0
11350,0
4754,0
951,0
8468,0
1359,0
1713,0
8693,0
10721,1
10010,0
206,0
2842,0
1860,1
11659,1
2229,0
2374,0
9977,0
11605,1
1601,1
10981,1
7363,1
9936,0
7962,1
2254,0
7764,0
6294,0
10835,0
1980,1
4373,0
3304,0
7342,1
10263,0
11541,1
7902,0
3414,1
1133,0
7145,0
6952,0
7501,1
1650,0
5684,0
3516,0
6310,0
11514,1
3040,0
8026,0
4138,0
7939,1
9187,0
3749,0
6418,0
2356,0
11676,1
7247,1
9458,0
1261,1
2905,0
6433,0
618,0
2081,1
11531,1
7638,0
11807,1
7699,1
5768,0
1565,0
2828,0
2734,0
5094,0
2471,0
202,1
1579,0
4648,0
7194,0
7525,0
4133,0
10725,1
10661,1
5371,1
11726,0
8968,1
2115,0
3696,0
11169,1
2761,1
9866,1
6056,0
2154,0
4272,1
397,0
1284,0
6537,0
2925,0
4819,0
4967,0
4276,0
8309,0
2114,0
11281,1
5015,0
8986,1
4279,0
5215,0
8047,0
3039,1
5170,0
2499,1
10452,0
6188,0
10709,0
6768,0
10245,0
1634,0
10039,0
6842,1
8475,0
3483,0
4006,0
8675,0
10928,1
11690,1
354,0
9307,1
2799,1
10727,1
11814,1
4983,0
2240,1
4811,1
4111,0
8192,1
9572,0
9238,0
1354,0
11405,0
449,0
647,0
3436,0
8223,0
11616,1
2267,0
9870,0
5808,0
2553,0
1431,0
6309,0
10532,0
8217,0
1092,0
5055,0
1573,0
964,0
8959,0
5866,0
722,0
6725,0
8079,0
11697,0
3002,0
4785,0
11737,1
4228,0
2796,0
3003,0
11087,1
1858,1
9251,0
82,0
6604,0
4462,0
8011,0
8170,1
2701,1
8625,0
6866,0
9836,0
6607,0
621,1
11202,1
9759,0
2668,0
5978,0
1193,0
5108,0
1744,1
4123,0
1198,0
1722,1
6930,0
7364,1
8566,0
8466,0
11626,1
8433,0
8912,0
7831,0
3127,1
3471,0
11174,1
4064,1
1516,0
11680,1
9456,0
3528,0
1889,0
2378,1
10510,0
10708,0
2838,1
6582,1
2280,0
5966,0
9726,1
8977,0
4154,1
3731,0
8769,0
9714,0
2292,0
2578,1
4211,1
7001,0
7690,0
3798,0
10494,1
1514,0
7502,1
2210,0
11610,1
4525,0
9252,0
785,0
10356,0
7826,0
788,0
5522,1
3609,0
3519,0
7244,1
9272,0
8819,0
10961,1
10386,1
86,0
5675,0
2994,0
7683,0
3895,0
11105,0
10620,0
9965,0
7167,0
11187,1
8647,0
1072,0
7023,0
11026,0
1448,0
4326,0
1741,1
7539,1
3786,0
5304,0
10047,1
7694,0
10729,1
9292,1
8554,0
3504,1
3249,0
3296,1
7963,1
8414,0
9310,0
10739,0
7693,0
9559,0
8071,1
4714,0
3671,0
6396,0
10416,0
294,0
2170,0
2768,0
1050,0
1078,0
1891,0
7224,1
9352,0
2094,0
9143,0
10273,0
10534,1
11486,1
4381,0
5154,0
300,0
1325,0
6479,0
1081,1
10774,0
11239,1
1197,0
10862,1
6228,0
1561,1
11812,1
11215,1
7882,1
10641,1
6282,1
6285,0
4925,0
4987,0
8708,0
7935,0
11243,1
4472,0
80,0
823,0
7254,0
2390,0
7246,1
10811,0
8357,0
10726,1
9817,0
2820,1
2920,0
5732,0
6518,0
569,0
3213,1
929,0
5782,1
4711,1
5950,0
4691,0
8467,0
10945,0
9513,0
10880,0
11301,1
5471,1
11625,1
1094,0
3474,0
11651,1
5662,1
3817,0
11577,1
3917,0
10431,0
5601,0
3562,0
2049,0
7966,0
2634,0
662,0
9684,0
1053,0
1098,0
11491,1
9377,0
6923,0
8626,1
9864,0
11314,0
8762,0
8340,0
6222,1
11250,0
8249,1
1356,0
11183,1
10208,0
8422,0
11596,1
11764,1
11335,0
11554,1
967,0
9826,1
1842,1
7480,1
1425,0
1885,0
3644,1
3418,0
7279,0
1315,0
2480,1
6802,1
301,1
11431,1
7616,0
4388,0
11832,0
3076,0
10311,0
11588,1
6342,1
2124,0
6102,1
9766,1
2278,1
11162,1
3355,0
11305,1
7283,1
7880,1
3662,0
2233,0
1947,0
5927,0
3684,1
5519,0
6264,0
9293,1
11775,1
8966,1
3590,0
3880,0
6623,1
3765,1
178,0
6654,0
8208,1
4592,0
4113,0
3217,0
2719,1
6779,0
1175,0
641,1
3837,0
3241,0
4994,0
11782,1
1644,0
4722,0
8726,1
3020,0
8733,0
7588,0
10481,0
6624,0
461,1
