7062,1
1203,0
11651,1
6056,0
4251,1
9021,0
9681,0
5384,0
3606,0
5522,1
2745,0
11781,1
11274,0
757,0
1315,0
323,1
11187,1
3352,0
744,1
6042,1
8789,1
4101,0
5929,0
1694,0
3252,0
11679,1
261,1
6822,1
6158,0
6023,1
6922,1
2011,0
1939,1
8752,1
4964,0
3684,1
10801,1
8676,0
3629,0
7822,1
166,0
2885,0
759,0
8701,0
3299,0
7090,0
8483,0
2179,1
10991,0
9165,0
5042,0
11140,0
9273,0
2101,1
2501,0
11802,1
10017,0
7282,1
8953,0
884,0
10346,1
2579,1
9357,0
4830,0
5025,0
7540,1
347,0
4048,0
10891,0
5218,0
11193,1
11574,1
4732,0
694,0
1401,1
6902,0
8190,1
1323,1
9008,0
110,0
11168,1
1048,0
3178,0
2191,0
5723,0
8271,1
1373,0
7217,0
11372,0
8321,0
10001,0
2104,0
6767,0
657,0
5612,0
3983,0
11646,1
4052,0
3147,1
7591,0
2114,0
2724,0
8968,1
10704,0
2769,0
9208,1
3215,1
7250,0
1596,0
219,0
5789,0
8337,0
11659,1
8842,0
6802,1
392,0
10642,1
8029,0
4910,0
6094,0
10098,0
6050,0
409,0
11313,0
1201,1
4644,0
2742,0
11594,1
2344,0
11339,0
4859,0
11697,0
8619,0
3950,0
2221,1
2062,1
764,0
6182,1
10593,1
7079,0
5999,0
7246,1
3601,0
1639,0
11435,1
10936,0
7208,0
10567,1
2738,1
1701,1
6073,0
11643,1
11327,1
3638,0
3864,1
582,1
8059,1
10256,0
11577,1
10725,1
7401,0
1569,0
11261,1
5251,0
8879,0
8547,0
2431,0
11290,1
8552,0
7905,0
2258,1
4120,0
2736,0
2901,0
3403,0
9490,0
5966,0
7262,1
11703,0
7362,1
7379,1
1041,1
5857,0
2524,0
2377,0
861,1
4709,0
6597,0
8170,1
2403,0
7719,1
1247,0
3476,0
10532,0
6252,0
4411,1
4175,1
6297,0
3475,0
10303,0
2211,0
11589,1
7879,1
1258,0
2713,0
2171,0
1187,0
3061,0
8967,1
7184,1
7770,0
5920,0
3275,0
1317,0
899,0
1221,1
636,0
11650,1
3417,0
6260,0
1920,1
2135,0
2599,1
3184,0
11619,1
11178,1
301,1
9986,1
11386,1
11199,1
8819,0
3139,0
1330,0
3554,0
4098,0
4481,0
1006,0
8424,0
7475,0
6482,1
3307,0
8369,0
9234,0
316,0
6060,0
5466,0
7462,0
3369,0
403,0
6275,0
6483,0
439,0
9151,1
2356,0
4642,0
11798,1
10753,0
4085,0
4652,0
2430,0
698,0
3455,1
7011,0
4816,0
9596,0
6780,0
7650,0
2038,1
8352,0
2638,1
4873,0
1324,0
1261,1
621,1
2710,0
5018,0
10883,1
7624,1
3156,0
6519,0
5019,0
6259,0
7633,0
9326,1
2398,1
6473,0
9525,0
9728,0
2300,1
1441,1
10285,0
3903,0
7595,0
7244,1
11752,1
2555,0
6654,0
307,0
9009,0
2278,1
8393,0
10391,0
6818,0
255,0
7783,1
3828,0
7114,0
8277,0
11141,1
11576,1
9798,0
8115,0
8043,1
8758,0
9541,0
6982,0
5899,0
5742,1
9706,1
1344,0
4443,0
10612,0
7222,1
4624,0
5526,0
4632,0
5735,0
7835,0
10310,0
4046,0
6531,0
7796,0
687,0
715,0
11175,1
9232,0
8751,1
9258,0
1985,0
11281,1
11764,1
11480,0
9948,0
4172,0
9026,1
2167,0
4427,0
4067,0
6562,1
2658,1
9519,0
11618,1
9436,0
10260,0
7518,0
2359,1
10231,0
1443,0
8646,1
7419,1
8959,0
10448,1
5842,1
8395,0
4558,0
2573,0
3685,1
2538,1
7781,1
4458,0
11723,0
4212,1
7261,0
4575,0
11510,1
11731,0
2795,0
8910,0
1186,0
1112,0
4134,1
4731,1
2904,0
1449,0
4224,0
9331,0
11182,1
5142,0
1242,0
2940,0
4635,0
1568,0
11736,1
10841,1
8349,0
4271,1
6140,0
9501,0
3790,0
8494,0
5588,0
7205,1
1021,1
7025,0
11738,1
8748,1
1235,0
602,1
7439,1
2017,0
2020,1
8826,1
3759,0
4321,0
3773,0
791,0
10679,0
5695,0
11041,1
9170,0
3024,1
7824,1
6809,0
11316,0
9397,0
10903,1
476,0
322,1
3964,1
7601,0
5833,0
10720,0
10481,0
9547,0
5593,0
11739,1
10680,0
1948,0
1980,1
5088,0
6878,0
4255,0
10867,0
5410,0
1967,0
7204,1
8928,1
3354,0
11682,1
5880,0
6020,0
8168,1
3043,0
8208,1
9430,0
7799,1
7169,0
1794,0
5956,0
4969,0
7162,1
3432,1
10723,1
11326,1
7868,0
1490,0
9906,1
11813,1
11083,1
2621,1
11774,1
8589,0
11511,1
9235,0
9409,0
10227,1
7435,0
7109,0
3206,1
1959,1
2858,1
1718,0
9159,0
9693,0
8254,0
7963,1
3214,1
11197,1
5083,0
2912,1
11757,1
3928,0
6022,1
3956,0
11286,1
10209,0
3702,0
3738,0
2500,1
4015,0
7960,1
11782,1
5783,0
6232,0
8117,0
9623,0
1161,1
8849,1
11161,1
1195,0
11081,1
11654,1
7137,0
4198,0
1806,1
10066,1
8000,1
1964,0
8634,0
7519,1
6929,0
11367,1
10754,0
11221,0
8929,1
11374,0
4408,0
11214,1
7364,1
11043,1
11209,1
7880,1
10948,0
1386,0
1253,0
2425,1
523,1
11295,1
1601,1
4551,0
2889,0
6942,1
441,1
1034,0
5951,0
954,0
2308,0
11464,0
8146,0
512,0
8638,0
3232,1
8408,0
11289,1
7136,0
2082,1
1618,0
989,0
2703,1
5346,0
9290,1
9753,0
5198,0
11023,0
7459,1
11496,0
7659,1
9372,0
1238,0
10734,0
11635,1
1016,0
4538,0
3644,1
11621,1
11222,0
1888,0
2915,0
3087,0
8766,1
1686,0
6737,0
5271,1
9600,0
4488,0
1929,0
11419,0
9494,0
1545,0
11567,1
7202,1
797,0
2937,0
8397,0
4829,0
4721,0
8846,1
7884,0
11595,1
4889,0
5715,0
3625,1
3103,0
10294,0
5586,0
7679,1
3095,0
11296,1
1633,0
9133,0
7122,1
10235,0
7675,0
1998,1
2714,0
191,0
1240,0
1802,1
7172,0
11133,0
11538,1
9410,0
9871,0
6442,1
5622,1
11820,1
10807,0
10719,0
2659,1
7800,1
3844,1
10274,0
1094,0
10333,0
2277,0
10595,1
2127,0
9346,1
181,1
2675,0
3453,1
2195,0
4795,0
11008,0
8695,0
8042,1
4578,0
3152,0
4114,1
2991,0
7381,1
81,1
11598,1
2598,1
4448,0
929,0
7372,0
5664,0
3359,0
8666,1
5429,0
4557,0
1812,1
2838,1
11200,1
10003,0
11096,0
6926,0
9432,0
1726,1
11690,1
7276,0
11242,1
10153,0
1166,0
10878,0
10188,0
9704,0
6728,0
4047,0
6009,0
1938,1
2700,1
9702,0
11494,1
8963,0
7690,0
7907,0
1754,0
8596,0
2423,1
1542,0
9337,0
7312,0
6826,0
7264,0
5494,0
5934,0
7231,0
6446,0
2154,0
2839,1
11350,0
7713,0
7928,0
3392,0
5242,0
8353,0
3761,0
9000,0
98,0
9117,0
4610,0
10959,0
6049,0
835,0
1088,0
11649,1
11516,1
11600,1
6932,0
3334,0
11698,0
10693,0
3982,0
10326,1
2099,1
7773,0
9289,1
10726,1
2332,0
10907,0
8177,0
11104,0
1451,0
4139,0
4868,0
9192,0
1431,0
8198,0
6229,0
8360,0
6428,0
11285,1
5432,0
2706,0
10685,0
1966,0
11828,0
8587,0
1359,0
3254,0
907,0
5703,0
6261,0
10681,1
2264,0
924,0
6965,0
4559,0
10599,0
7641,1
1,1
1254,0
141,1
6893,0
3051,0
9474,0
795,0
10091,0
4815,0
10621,0
8699,0
8772,0
11049,0
1587,0
4705,0
8398,0
3888,0
4832,0
1816,0
7721,1
8095,0
10292,0
343,1
7458,0
3009,1
821,1
6479,0
9662,0
2964,0
6120,0
11530,1
1168,0
6842,1
2086,0
599,0
3627,0
2620,1
11457,0
8914,0
857,0
11614,1
3633,0
8427,0
3137,0
11718,0
2251,0
11202,1
975,0
4312,0
5127,0
11052,0
11720,0
4647,0
148,0
1361,1
5770,0
4261,0
10174,0
11427,1
5626,0
8121,0
5832,0
1914,0
11397,0
3385,0
8601,0
492,0
8228,1
6098,0
9254,0
7061,0
4846,0
6962,1
3836,0
9584,0
6937,0
11061,1
1177,0
2894,0
7923,1
11617,1
1842,1
8108,1
4191,1
9675,0
7270,0
5796,0
9085,0
370,0
3241,0
4143,0
2378,1
1942,0
9834,0
3372,0
5511,1
5875,0
7953,0
10918,0
5005,0
211,0
11077,0
11553,1
10366,1
6851,0
1202,0
712,0
2220,1
11489,1
10509,0
6952,0
6402,1
2600,1
6322,1
6559,0
1174,0
5865,0
2200,1
8946,1
7586,0
7924,1
11708,0
3117,1
4997,0
11195,1
2818,1
8088,1
8998,0
7050,0
256,0
5321,0
2417,0
482,1
11446,1
10659,0
5540,0
4960,0
8334,0
1281,1
9598,0
4431,0
13,0
775,0
7780,1
11790,1
2531,0
9066,1
3449,0
2158,1
7138,0
2522,1
1511,0
6144,1
1741,1
3401,0
2421,1
6905,0
8989,1
2540,0
11519,0
824,0
2895,0
7892,0
7913,0
11630,1
6570,0
7123,1
9638,0
7044,1
11442,0
10810,0
11294,1
1047,0
21,1
4933,0
6616,0
10349,0
3077,1
11196,1
7901,1
4359,0
8799,0
8185,0
2726,0
6609,0
7481,1
2536,0
3012,0
992,0
2071,0
9314,0
7785,1
11631,1
11542,1
6124,1
7941,1
845,0
946,0
3545,0
10059,0
2447,0
11692,1
345,0
9978,0
3765,1
11642,1
11258,0
9966,1
2698,1
6332,0
1879,1
8403,0
7708,0
7952,0
9799,0
7516,0
7823,1
5399,0
7782,1
9868,0
11607,1
4844,0
3377,0
3535,0
6957,0
6434,0
4243,0
11388,0
10724,1
5267,0
6401,0
2015,0
11615,1
583,0
6087,0
80,0
2241,1
4602,0
4921,0
10214,0
11436,1
9873,0
11585,1
10764,0
4857,0
6347,0
5897,0
6262,1
3894,0
9510,0
11001,0
5859,0
10348,0
7827,0
9228,0
2346,0
909,0
11680,1
2350,0
5009,0
169,0
9542,0
8491,0
2483,0
6709,0
773,0
8866,1
10552,1
9181,0
501,1
8743,0
9434,0
5953,0
9269,1
8069,1
9586,1
2338,0
8241,0
402,1
11645,1
10811,0
11455,0
49,0
9938,0
7326,0
6541,0
1321,1
1339,0
6039,0
6586,0
10886,0
8406,0
2623,0
6118,0
7959,1
2419,1
3153,0
7117,0
4174,1
413,0
4971,1
2402,0
5183,0
8342,0
1862,1
11239,1
0,1
9528,1
5574,0
7741,1
7623,1
2120,1
118,0
618,0
681,1
6502,1
4507,0
9888,0
7786,1
2435,0
870,0
6687,0
1884,0
688,0
8113,0
3474,0
7838,0
2064,1
3584,1
3885,0
7819,1
2138,1
9182,0
3866,1
2844,0
321,1
1880,1
3365,0
1446,0
11568,1
8009,0
7355,0
9936,0
11142,1
42,1
11540,1
4005,1
7210,0
11184,1
5970,0
7412,0
10941,0
339,0
8150,0
2100,1
535,0
1481,1
1678,0
2820,1
2063,1
4821,0
8210,0
9046,1
9023,0
5531,0
2209,0
8072,1
6265,0
9867,1
11770,1
10718,0
1724,1
7983,1
9527,1
8221,0
11180,1
5902,1
359,0
2265,0
11241,1
7112,0
11413,0
9701,0
10246,1
9443,0
911,0
7403,0
1898,1
781,1
4604,0
8387,0
8847,1
1576,0
9524,0
614,0
5182,0
11210,1
5341,0
1107,0
1090,0
4947,0
9487,0
9047,1
10267,1
11761,1
2799,1
2989,0
2029,0
511,0
11534,1
7296,0
11623,1
11755,1
9739,0
581,1
1822,1
5666,0
9926,1
10881,1
10466,1
9148,1
9166,1
3107,0
5081,0
3286,0
3626,1
11547,1
9579,0
7881,1
11771,1
4024,1
4133,0
11672,1
11699,0
11578,1
9003,0
7985,1
6769,0
3383,0
4099,0
5020,0
20,0
8162,0
1742,1
474,0
10437,0
7982,1
10103,0
4389,0
10697,0
11509,1
11665,1
10924,1
7842,0
7322,1
1512,0
9741,0
11571,1
839,0
5353,0
8231,0
338,0
9947,1
9309,0
8624,0
2415,0
4993,0
2089,0
7859,1
3901,0
1858,1
1286,0
10112,0
8836,0
355,0
9951,0
10759,0
459,0
11216,1
7634,0
11778,1
7648,0
2961,0
5778,0
10329,0
5116,0
8906,1
3829,0
8704,0
6548,0
5954,0
5507,0
8307,0
10637,0
425,1
9656,0
11299,1
9325,0
7978,0
5414,0
2168,0
6201,0
11218,1
3393,0
7889,0
2785,0
2576,0
8887,1
8423,0
7442,0
5962,1
601,1
6714,0
4988,0
7733,0
865,0
5995,0
8354,0
8988,1
9456,0
5516,0
11526,1
3550,0
2867,0
4711,1
11772,1
5662,1
11167,1
9049,1
5491,1
393,0
770,0
6327,0
11300,1
10963,1
6103,1
6522,1
11666,1
4469,0
11633,1
11629,1
2850,0
2021,1
11434,1
7400,0
1641,1
9395,0
2194,0
6200,0
7922,1
2193,0
3196,0
11817,1
7654,0
4785,0
2720,1
8978,0
4140,0
4206,0
2331,0
5185,0
8514,0
5602,1
76,0
5686,0
6379,0
9506,1
10701,1
11608,1
1851,0
6844,0
1322,1
1241,1
11165,1
11233,0
8433,0
1412,0
2496,0
1813,1
719,0
7801,1
10778,0
6400,0
10496,1
706,0
1821,1
6202,1
8564,0
2311,0
7427,0
11551,1
6374,0
446,0
4272,1
364,0
10015,0
4274,0
5165,0
11737,1
5682,1
6845,0
10721,1
5709,0
864,0
2929,1
9134,0
7281,0
3464,1
6861,0
2199,1
10730,1
8598,0
4758,0
8926,1
3532,0
11085,1
11291,1
11762,1
10769,0
3820,0
5870,0
1799,0
9795,0
11803,1
8628,1
6944,0
4927,0
3429,0
11012,0
3924,1
6722,1
7520,1
4751,1
966,0
537,0
11198,1
10904,1
11217,1
7104,1
10482,1
2313,0
6447,0
3034,0
901,1
3289,0
2418,1
1931,0
6339,0
6288,0
10646,0
10221,0
2541,0
6195,0
11647,1
9594,0
3064,0
10116,0
11243,1
11835,0
5082,0
862,0
8886,1
11359,0
10051,0
4244,0
10019,0
2108,0
9025,0
3541,0
10162,0
2079,1
2741,0
3452,1
3149,0
5868,0
3190,0
11170,1
4805,0
6368,0
9755,0
11230,0
1089,0
11338,0
10733,0
1028,0
2639,1
5207,0
11786,1
3988,0
7108,0
9746,1
11760,1
1811,1
142,1
3164,0
6759,0
1348,0
8071,1
5908,0
11463,0
5730,0
3967,0
7507,0
5679,0
8269,1
7740,1
4569,0
4584,0
9038,0
5557,0
7443,0
7091,0
11759,1
2162,0
648,0
11431,1
9646,1
7366,0
1663,1
9768,0
3414,1
2640,1
8019,1
9643,0
2460,1
3733,0
11539,1
5839,0
11116,0
2560,0
2797,0
11245,0
9010,0
4180,0
9588,1
2041,0
11599,1
9621,0
8270,1
10541,0
3116,0
5767,0
8305,0
7531,0
7015,0
202,1
4049,0
9154,0
2412,0
2399,1
1935,0
1703,0
1803,1
11707,0
6733,0
352,0
8264,0
7165,0
1022,1
3201,1
2739,0
6067,0
10009,0
9106,1
8253,1
7560,1
11192,1
6143,1
7539,1
215,0
8746,1
5672,0
7315,0
2333,0
4599,0
1916,0
10086,1
11449,1
9063,0
9626,1
6763,0
3008,1
5392,0
3767,1
10037,0
3488,0
1438,0
6282,1
9467,1
11347,1
10538,0
1575,0
10230,0
11552,1
3296,1
5062,0
9327,0
11528,1
904,0
2719,1
8938,0
2420,1
11082,1
6145,1
7860,1
10494,1
10594,1
452,0
3427,0
4850,0
2788,0
3482,0
2440,1
4817,0
2881,0
9147,1
5642,1
4391,0
5820,0
11638,1
10115,0
11783,1
8356,0
5689,0
9952,0
9172,0
7988,0
11597,1
5315,0
5542,1
3556,0
7209,0
9895,0
8827,1
4222,0
11021,1
2317,0
8435,0
8710,0
10492,0
4851,1
10605,0
4588,0
8169,1
6317,0
10780,0
9624,0
5983,1
3873,0
4720,0
6895,0
466,0
6292,0
8987,1
9562,0
1840,0
10136,0
1785,0
846,0
9413,0
5649,0
4438,0
2632,0
87,0
9390,0
4426,0
9786,1
2981,0
1058,0
9366,1
8992,0
9625,0
9530,0
3748,0
3884,1
4707,0
2687,0
4688,0
1422,1
3084,0
71,0
7374,0
11587,1
598,0
9091,0
3762,0
1053,0
9882,0
248,0
4811,1
4428,0
1222,0
4825,0
341,1
1541,1
11062,1
3321,0
8327,0
5657,0
1004,0
2699,1
6836,0
7126,0
7779,1
4875,0
11588,1
11815,1
344,0
11101,1
6682,1
3280,0
208,0
7980,1
11044,1
4951,1
9240,0
11531,1
8871,0
3889,0
6450,0
1762,0
1192,0
5877,0
7314,0
3181,0
5592,0
11292,1
4004,1
5654,0
2759,1
11145,0
9274,0
1995,0
2315,0
691,0
6573,0
4966,0
2396,0
9564,0
1447,0
9881,0
8110,0
10422,0
8308,0
2619,1
6954,0
6460,0
11801,1
7700,1
11674,1
10384,0
6357,0
11673,1
11259,1
10902,1
10047,1
4813,0
10148,0
5148,0
2274,0
2046,0
10514,1
3835,0
1337,0
11663,1
11664,1
1309,0
2707,0
4759,0
11203,1
11789,1
886,0
6204,0
5754,0
4403,0
7501,1
10822,1
423,1
2040,0
4881,0
3440,0
8148,1
11490,1
2451,0
244,0
11448,1
5319,0
4974,0
11163,1
625,0
1828,0
3229,0
1721,1
2422,1
11591,1
9466,1
8647,0
7622,1
7414,0
5101,0
2349,0
2505,0
3428,0
8295,0
11441,0
5922,1
4916,0
3782,0
1660,0
10610,1
1893,0
3689,0
11191,1
5823,0
7107,0
3585,1
11740,0
11451,1
3736,0
3316,1
1407,0
5035,0
34,0
5690,0
9306,1
5413,0
2219,1
6625,0
11169,1
9167,1
714,0
5647,0
7245,1
1392,0
9931,0
7280,0
11822,1
10493,0
2085,0
10609,1
11240,1
9836,0
4064,1
5694,0
6247,0
10958,0
11094,0
2077,0
2081,1
10547,0
10616,0
3764,1
11263,1
2913,0
8300,0
7383,0
6777,0
2887,1
3154,0
8451,0
7397,0
5050,0
8976,0
10101,0
2092,0
8874,0
7500,1
833,0
2761,1
6505,0
33,0
823,0
11799,1
421,1
3849,0
6961,0
11777,1
5704,0
5760,0
5357,0
11660,1
10155,0
10106,1
4207,0
2118,1
4581,0
10167,1
9387,0
2701,1
426,0
2926,0
1430,0
11064,1
11536,1
3498,0
7702,1
1901,0
5562,1
11581,1
11765,1
1715,0
1197,0
8875,0
9307,1
7083,1
8249,1
4518,0
11265,0
11652,1
6034,0
5203,0
2094,0
1899,1
5925,0
9817,0
1036,0
1200,0
2747,0
7662,0
4051,0
9806,1
9056,0
8039,1
2770,0
11800,1
10965,1
4464,0
4680,0
265,0
11792,1
8255,0
2625,0
2678,1
1320,0
11791,1
7479,1
8400,0
2250,0
5579,0
6302,1
11809,1
6792,0
9315,0
6335,0
10905,1
4772,0
2198,1
3269,0
11512,1
8515,0
1370,0
6276,0
9067,0
11284,1
7906,0
11557,0
1662,1
3248,0
2061,1
11687,1
2341,0
10387,1
5587,0
11622,1
1273,0
4264,0
6782,1
8361,0
462,1
5520,0
3,1
2920,0
8604,0
778,0
5906,0
51,0
7606,0
11640,1
4636,0
9697,0
5821,0
6424,1
9349,0
11275,0
8848,1
11691,1
5211,0
9640,0
5876,0
9048,1
838,0
1652,0
4973,0
9605,0
203,1
7480,1
3285,0
5066,0
11171,1
5411,1
789,0
5750,0
3394,1
11366,1
716,0
8816,0
11805,1
1856,0
1196,0
7841,0
6085,0
10989,0
11440,0
2680,0
1101,1
3900,0
1469,0
2766,0
342,1
7949,0
2487,0
5209,0
732,0
1978,1
3490,0
7242,1
561,1
11610,1
8759,0
3312,0
1645,0
11123,1
8004,0
7999,1
8750,1
5301,0
7760,1
4570,0
11627,1
1797,0
5470,0
11189,1
11554,1
1085,0
11572,1
433,0
2090,0
6287,0
11392,0
5393,0
2180,1
3133,0
401,1
5060,0
10823,0
7243,1
4452,0
11514,1
7962,1
1381,1
10577,0
10722,1
1908,0
6558,0
5338,0
8771,0
3265,0
11487,1
1801,1
1025,0
6594,0
6544,0
3784,1
4385,0
9459,0
11787,1
4154,1
10600,0
8317,0
3456,0
167,0
2018,1
9288,1
5882,1
10472,0
7303,1
7790,0
9249,0
10166,1
1814,0
3318,0
7468,0
3850,0
5390,0
10926,1
8234,0
8786,1
3624,1
8217,0
8540,0
6621,0
9641,0
1342,1
1282,0
641,1
10075,0
1467,0
11794,1
7620,1
9679,0
381,1
8966,1
9123,0
2019,1
11206,1
3017,0
11042,1
5634,0
2765,0
7380,1
349,0
10252,0
3336,0
7371,0
3946,1
5752,0
5095,0
9186,1
11685,1
151,0
1062,1
2428,0
9686,1
4453,0
58,0
2622,0
6362,1
3140,0
9138,0
4489,0
7787,0
7283,1
7709,0
6319,0
2059,1
10005,0
11060,0
10548,0
5802,1
3045,0
4214,0
7420,1
7777,0
6508,0
7075,0
7275,0
7224,1
848,0
1859,1
8755,0
7704,0
541,1
11493,1
10611,0
3171,0
8064,0
8667,0
8140,0
11279,1
4306,0
1301,1
7556,0
1135,0
4954,0
10576,0
11087,1
7626,0
2192,0
575,0
5896,0
1852,0
2776,0
4972,0
6422,1
804,0
10343,0
10564,0
2681,0
5633,0
2439,1
5969,0
11011,0
7954,0
704,0
4739,0
11088,1
337,0
1722,1
9100,0
1327,0
5492,1
3243,1
7141,0
9150,1
6941,0
11172,1
10056,0
6608,0
4998,0
11533,1
1057,0
7701,1
4298,0
9247,1
9942,0
11714,0
7882,1
4353,0
11544,1
194,0
11832,0
9206,1
3132,0
9101,0
1385,0
9606,1
6032,0
2037,0
11498,0
3168,0
3251,1
6578,0
2684,0
2384,0
9079,0
5481,0
9637,0
10385,0
5601,0
5869,0
8001,1
9157,0
11667,1
11658,1
7674,0
4491,0
6348,0
748,0
458,0
6035,0
1861,1
3744,1
3308,0
2553,0
424,1
5552,0
3664,1
8363,0
368,0
11602,1
10921,1
7747,0
2733,0
214,0
751,0
7342,1
7328,0
6242,1
6173,0
9587,1
11255,0
9335,0
8280,0
6112,0
9278,0
3454,1
10765,0
2715,0
4870,0
4199,0
1771,0
9473,0
3720,0
4903,0
8251,1
3991,0
9886,1
6881,0
2242,0
11675,1
3796,0
5217,0
6863,0
2575,0
8128,1
10981,1
4572,0
5320,0
2917,0
11208,1
10598,0
1120,0
10408,0
3671,0
161,1
5115,0
3766,1
2781,0
1690,0
970,0
1095,0
11570,1
8610,0
5942,1
5822,1
2153,0
9291,1
11616,1
1805,1
8807,1
6213,0
3728,0
406,0
8608,0
9566,1
2330,0
571,0
2400,1
8078,0
1630,0
2800,1
11305,1
2906,0
5354,0
9950,0
252,0
10862,1
11593,1
1042,1
10861,1
7979,1
6137,0
11312,0
8980,0
5011,1
4891,1
10864,1
11491,1
7365,1
61,1
5162,0
1224,0
4383,0
507,0
11639,1
11112,0
7043,1
3724,1
7974,0
9051,0
6248,0
1360,0
11606,1
3003,0
8800,0
8700,0
1212,0
2821,1
8480,0
5063,0
4468,0
7218,0
8413,0
5503,0
3469,0
3922,0
11636,1
5002,0
7002,1
7940,1
3226,0
7267,0
4655,0
6025,0
5641,0
5418,0
3904,1
1586,0
8073,0
4497,0
5670,0
11183,1
7321,0
1354,0
7057,0
7583,0
4527,0
11620,1
510,0
11655,1
11575,1
895,0
10508,0
10742,0
11669,1
4628,0
1903,0
3602,0
10386,1
10226,1
8107,0
10814,0
11550,1
5558,0
5161,0
3063,0
3715,0
827,0
741,1
11122,1
2050,0
10923,1
4931,1
1061,1
7041,0
1623,0
7639,1
3167,1
7681,0
9712,0
10161,0
1669,0
4228,0
11414,0
8248,1
3575,0
4543,0
4512,0
3239,0
7178,0
5003,0
2813,0
7890,0
6624,0
10586,0
3363,0
3025,1
2380,0
702,0
3823,0
11734,1
7005,0
5460,0
7077,0
9324,0
5948,0
101,1
5143,0
9386,1
10375,0
6855,0
888,0
4184,0
10949,0
2098,1
3921,0
117,0
3484,1
7784,1
7775,0
6743,0
913,0
6803,0
7550,0
1960,0
3076,0
10943,0
11816,1
7182,1
9791,0
1922,0
11201,1
10111,0
1881,1
3648,0
1561,1
6637,0
4204,0
676,0
1732,0
9852,0
11020,0
10627,1
3081,0
2758,1
8192,1
4779,0
11535,1
2750,0
6996,0
3564,1
6383,1
2982,0
7947,0
6550,0
4103,0
1936,0
6462,1
1682,1
2787,0
6427,0
8297,1
6254,0
4904,0
8549,0
6978,0
7240,0
11121,1
4845,0
7657,0
5471,1
8417,0
7426,0
7102,1
3944,1
10441,0
784,0
7430,0
2520,1
6567,0
5331,1
7010,0
9633,0
11751,0
3047,0
1761,1
721,1
6582,1
4622,0
1659,0
5424,0
1308,0
3529,0
5263,0
2916,0
6490,0
7082,1
4792,1
4793,0
5099,0
5344,0
11573,1
2225,0
8569,0
3867,0
4462,0
9238,0
4231,1
9842,0
3398,0
9175,0
5663,1
5884,0
11625,1
9224,0
10603,0
5874,0
3415,1
11176,1
9992,0
6623,1
7223,1
2391,0
4478,0
7042,1
8314,0
10689,0
10309,0
5120,0
11205,1
8571,0
11812,1
2507,0
3174,0
6019,0
1665,0
4656,0
7142,1
8711,0
2580,1
9287,1
11430,1
2510,0
9964,0
8868,1
2578,1
7883,1
1274,0
8801,0
10675,0
10229,0
6102,1
9782,0
6852,0
6072,0
9781,0
2671,0
8841,0
11580,1
6088,0
6301,0
2876,0
9441,0
1809,1
10446,1
9205,0
10884,1
8995,0
6109,0
6386,0
10006,1
7237,0
6187,0
2702,1
7726,0
6342,1
3349,0
8713,0
3745,1
6841,0
11404,0
10912,0
10289,0
3608,0
269,0
6346,0
940,0
7600,0
11287,1
4445,0
11566,1
3787,0
9996,0
8986,1
1979,1
9222,0
10078,0
10034,0
1958,1
9108,1
8048,0
8985,0
7096,0
11681,1
11811,1
10069,0
3753,0
653,0
2779,1
1661,1
2971,0
6566,0
11582,1
11515,1
10761,0
3893,0
10711,0
9639,0
7121,0
11450,1
2155,0
1588,0
2571,0
3146,0
7525,0
2558,1
4787,0
8458,0
4842,0
8544,0
3485,1
8459,0
6404,0
7559,1
11506,1
9461,0
8629,1
83,0
5490,0
6291,0
8831,0
514,0
128,0
461,1
883,0
10306,1
8298,0
8682,0
1744,1
2796,0
7288,0
257,0
4023,0
8377,1
10544,0
11467,1
9554,0
9846,1
230,0
11177,1
3949,0
10644,0
8627,1
8167,0
8229,1
5016,0
5624,0
10790,0
521,1
11605,1
1825,1
9226,1
11024,0
1962,0
11181,1
2999,0
9902,0
990,0
7352,0
11426,1
749,0
7942,1
5391,1
2036,0
11657,1
5913,0
984,0
11186,1
3273,1
8729,0
10641,1
6095,0
10964,1
5133,0
7469,0
2660,1
2053,0
7203,1
1423,0
8133,0
1262,1
5489,0
6122,1
881,1
1783,1
2240,1
8388,0
7541,1
11495,1
2661,0
5442,0
8503,0
10429,0
1924,0
10910,0
6985,0
11719,0
8747,1
5170,0
7571,0
9446,1
8883,0
10131,0
9296,0
4771,1
8402,0
2299,1
5528,0
2979,1
7456,0
2478,1
4977,0
3544,1
3135,0
3848,0
9883,0
450,0
2499,1
2256,0
5591,0
1860,1
10010,0
7722,0
6491,0
3623,0
8880,0
11776,1
9488,0
10312,0
9268,1
612,0
11283,1
375,0
8216,0
2466,0
11054,0
3892,0
9374,0
11541,1
5415,0
10859,0
9004,0
4461,0
11086,1
4282,0
5846,0
8044,1
8913,0
4826,0
9765,0
4536,0
11472,0
5114,0
8320,0
9971,0
6413,0
3586,1
6222,1
7997,0
2778,1
4991,1
9630,0
60,0
9267,1
4698,0
6086,0
6223,0
10121,0
10146,1
8268,1
8116,0
11330,0
6595,0
9127,0
9870,0
5534,0
11628,1
10301,0
7804,0
3409,0
4087,0
7984,1
1341,1
3271,1
6658,0
3291,1
4291,1
2393,0
11634,1
3604,1
8821,0
7964,1
8358,0
11017,0
4958,0
6622,1
11677,1
5864,0
7613,0
5308,0
1688,0
4059,0
2213,0
10741,1
7086,0
1584,0
11586,1
5847,0
3256,0
1291,0
11656,1
1143,0
10052,0
10875,0
5683,1
7637,0
222,0
9717,0
9563,0
4076,0
1001,1
3558,0
10727,1
11211,1
1558,0
4259,0
241,1
293,0
6,0
2782,0
2218,1
5071,1
11818,1
5782,1
9678,0
2831,0
1681,1
182,0
11118,0
105,0
4406,0
5256,0
4450,0
7920,1
9939,0
11741,0
854