2279,1
1927,0
11246,0
10760,0
10715,0
10318,0
11583,1
1155,0
11097,0
11529,1
1479,0
2521,1
245,0
8521,0
3086,0
5890,0
11624,1
8191,1
8970,0
8213,0
4976,0
2528,0
9053,0
4211,1
6656,0
2188,0
807,0
554,0
6705,0
2943,0
8943,0
2819,1
8102,0
8867,1
10683,0
11424,0
3818,0
8916,0
11732,1
7078,0
9308,1
11282,1
6157,0
8787,1
6546,0
3645,0
8630,1
5955,0
2790,0
3620,0
10996,0
7538,0
11775,1
11513,1
544,0
8206,0
646,0
10183,0
9094,0
9613,0
2461,1
3770,0
6477,0
2823,0
8188,1
6392,0
3159,0
1227,0
4002,0
8566,0
4253,0
5502,0
10967,0
11823,1
2327,0
8084,0
5091,1
6943,0
5168,0
5567,0
7418,0
8798,0
5451,1
11432,1
7943,1
11712,1
5943,0
10286,1
9033,0
10406,1
7593,0
3126,0
6172,0
10139,0
8674,0
2201,1
9726,1
7765,0
8944,0
2273,0
5827,0
10186,1
1999,1
6203,0
10477,0
10961,1
6280,0
750,0
3925,1
7555,0
9061,0
4381,0
10426,1
10821,1
921,1
10338,0
10545,0
8481,0
8936,0
7653,0
7407,0
2976,0
4662,0
8715,0
5903,0
3397,0
9371,0
4827,0
11213,1
9433,0
41,1
11609,1
11454,0
1684,0
7032,0
11797,1
7631,0
9396,0
3953,0
10344,0
4249,0
4266,0
11806,1
6579,0
8302,0
872,0
11688,1
9666,1
2096,0
5196,0
3089,0
9227,1
1917,0
1723,1
836,0
99,0
8927,1
5377,0
9866,1
1250,0
11164,1
930,0
2754,0
8947,1
1055,0
4245,0
11447,1
7561,0
11788,1
2905,0
1501,1
623,0
11337,0
7074,0
2988,1
6576,0
11173,1
8626,1
9006,1
5425,0
4871,1
9102,0
7363,1
10939,0
11207,1
8788,1
2566,0
4505,0
1114,0
11603,1
10026,1
1176,0
11303,1
7537,0
282,1
11301,1
11733,1
8065,0
7163,1
1781,1
6423,1
6862,0
5078,0
1734,0
4831,1
5582,1
4044,1
3304,0
428,0
1989,0
5430,0
1643,0
10716,0
7737,0
6816,0
4400,0
10729,1
2013,0
3524,1
10784,0
1169,0
2122,1
7257,0
2482,0
1941,1
11288,1
10670,0
742,1
6805,0
11693,1
4611,1
1570,0
2459,1
1987,0
2959,1
10866,1
620,0
8573,0
3115,0
11821,1
5917,0
11668,1
10220,0
1554,0
6791,0
8709,0
6375,0
4911,1
9320,0
3487,0
11280,1
4069,0
5431,1
1574,0
9153,0
4086,0
1326,0
11492,1
10882,1
761,1
7302,1
10211,0
10572,0
6497,0
6167,0
8694,0
11546,1
10930,1
11766,1
2065,1
8651,0
3195,0
2437,0
1839,0
4473,0
1767,0
1081,1
5195,0
5259,0
939,0
1940,1
4352,0
9771,0
2453,0
10865,1
11055,0
8250,1
10713,0
5671,0
9826,1
9450,0
5585,0
7566,0
7727,0
938,0
11262,1
6807,0
1365,0
4540,0
9419,0
7263,1
10805,0
9647,1
11612,1
567,0
11360,0
9107,1
3295,0
2298,1
10290,0
3182,1
6788,0
7499,1
11401,0
2743,0
1460,0
3639,0
4177,0
3845,0
200,0
4471,1
2942,0
902,1
10785,0
11584,1
1885,0
10752,0
11253,0
1730,0
7297,0
11212,1
11696,0
2760,1
2898,0
3522,0
4596,0
11135,0
5380,0
1720,0
7837,0
4081,0
2753,0
4095,0
9318,0
8120,0
9766,1
4983,0
8070,1
11063,1
361,1
380,0
8027,0
5465,0
121,1
10444,0
10398,0
6153,0
9500,0
546,0
2181,0
7483,1
1498,0
11293,1
1565,0
1746,0
10863,1
2028,0
54,0
6192,0
9620,0
961,0
982,0
397,0
9819,0
6960,0
10688,0
262,1
6349,0
11136,0
2588,0
7723,0
9146,1
4351,1
8252,1
7279,0
10468,0
7033,0
3297,1
1509,0
9546,1
11179,1
53,0
5982,1
4039,0
5762,1
11590,1
3250,0
1621,1
7259,0
6388,0
6666,0
2523,1
8288,1
2642,0
3913,0
193,0
1843,1
1033,0
4263,0
3657,0
5722,1
8332,0
1207,0
3813,0
284,0
5092,1
11194,1
3090,0
5500,0
8439,0
10540,0
9426,1
10843,0
4033,0
7100,0
7720,1
4593,0
456,0
9708,1
9805,0
11204,1
1581,1
3057,1
9028,1
5272,1
304,0
1002,0
997,0
6107,0
9340,0
1121,1
2888,0
9407,0
7778,0
5061,0
5893,0
10661,1
4376,0
4580,0
7751,0
661,1
4094,1
3499,0
9759,0
10960,0
6298,0
6560,0
3343,0
8257,0
8941,0
3708,0
268,0
3375,0
5360,0
3033,0
3704,1
914,0
1147,0
2545,0
7012,0
11328,0
8814,0
1823,1
10951,0
11185,1
11662,1
2582,0
4703,0
418,0
11298,1
4800,0
10300,0
5702,1
3804,1
2618,1
4574,0
2480,1
879,0
8223,0
10355,0
10870,0
5474,0
8383,0
1683,1
6304,0
1461,1
9985,0
3981,0
11676,1
11810,1
119,0
1521,1
7585,0
11479,0
10423,0
9255,0
2358,1
2119,1
4595,0
10897,0
7716,0
1489,0
4824,0
3945,1
10982,1
10,0
10901,1
4354,0
7247,1
8829,1
10871,0
549,0
10411,0
9486,1
802,1
6645,0
7744,0
11438,0
7932,0
2756,0
729,0
11507,1
7528,0
7888,0
8805,0
3543,0
11768,1
981,1
7899,1
6011,0
6910,0
3127,1
4531,1
7939,1
11754,1
3870,0
9777,0
3783,0
2235,0
10365,0
10462,0
11686,1
10284,0
11297,1
1564,0
10325,0
10906,1
5024,0
1277,0
7640,1
6890,0
10249,0
5673,0
4394,0
6786,0
900,0
7029,0
6397,0
11302,1
5295,0
5658,0
1900,0
8757,0
11678,1
212