2959,1
2644,0
8079,0
601,1
9187,0
731,0
4811,1
10426,1
7741,1
3436,0
1188,0
10167,1
10312,0
11568,1
9816,0
2066,0
7901,1
10248,0
8738,0
10448,1
172,0
7988,0
4797,0
1814,0
9235,0
3170,0
4861,0
6118,0
9186,1
3004,0
2465,0
7943,1
11664,1
11771,1
8668,0
8886,1
9754,0
10920,0
5308,0
5155,0
11560,0
8250,1
244,0
9737,0
3452,1
7081,0
10605,0
7820,1
3456,0
11735,1
8394,0
4359,0
5403,0
10047,1
6483,0
6222,1
10048,0
9164,0
3764,1
6341,0
309,0
2578,1
9792,0
10956,0
8782,0
606,0
1284,0
10218,0
3945,1
1482,0
5205,0
21,1
3230,0
342,1
5797,0
2820,1
11019,0
5325,0
4442,0
8491,0
5608,0
7000,0
6594,0
11206,1
11087,1
11161,1
6387,0
9498,0
8034,0
8045,0
10698,0
5708,0
8949,0
2192,0
7537,0
354,0
9777,0
4338,0
6895,0
6052,0
4369,0
7781,1
11658,1
6672,0
3825,0
11628,1
2478,1
7052,0
6037,0
8013,0
11127,0
11827,0
3536,0
2142,0
5338,0
8907,1
260,0
6913,0
5118,0
2709,0
1141,1
7980,1
3387,0
7962,1
4458,0
11241,1
5604,0
236,0
733,0
3361,0
3426,0
3485,1
1111,0
2850,0
2861,0
2035,0
5048,0
289,0
5920,0
1269,0
10741,1
7785,1
561,1
6213,0
1821,1
7263,1
3542,0
6334,0
9145,0
10247,1
7581,0
8965,0
8837,0
1326,0
6160,0
678,0
4823,0
5105,0
11602,1
5386,0
9707,1
5056,0
339,0
11286,1
4411,1
10852,0
11759,1
11790,1
11216,1
6711,0
11260,1
4580,0
5816,0
8696,0
3147,1
8018,0
7,0
9352,0
5614,0
7882,1
7503,1
10652,0
11622,1
9192,0
7213,0
1784,0
6561,0
6312,0
3366,1
8684,0
2218,1
1040,0
1509,0
2351,0
9288,1
4932,1
6322,1
7322,1
9052,0
1692,0
7329,0
9266,1
6373,0
5582,1
8043,1
9150,1
2010,0
7489,0
1374,0
3563,0
1286,0
3159,0
3833,0
11513,1
8485,0
6340,0
3276,0
897,0
2114,0
3477,0
1121,1
4991,1
6589,0
802,1
5175,0
3099,0
9506,1
2121,1
3351,0
1340,0
3067,0
8017,0
2024,0
6424,1
3594,0
11466,1
11219,0
2438,1
11422,0
9421,0
7982,1
8543,0
699,0
7183,1
7339,0
10941,0
11299,1
3320,0
8252,1
3229,0
9251,0
1525,0
729,0
875,0
6423,1
7673,0
3101,0
4181,0
1834,0
131,0
11690,1
10820,0
3483,0
4751,1
6831,0
7834,0
2443,0
9522,0
11583,1
9947,1
7163,1
7883,1
6508,0
7587,0
1244,0
11696,0
7100,0
4643,0
486,0
7470,0
3725,0
2220,1
4150,0
2209,0
3048,0
11590,1
456,0
114,0
11762,1
4595,0
7500,1
2747,0
10594,1
1635,0
673,0
5159,0
8898,0
9845,0
2629,0
2761,1
7941,1
5829,0
4109,0
8331,0
11197,1
8929,1
8624,0
7541,1
2574,0
11692,1
3813,0
343,1
2479,1
5485,0
9868,0
1747,0
5792,0
11526,1
8986,1
6681,0
5365,0
10494,1
5367,0
6317,0
221,1
7918,0
1428,0
7893,0
5822,1
4674,0
11503,0
3150,0
6131,0
9428,0
3558,0
8712,0
1030,0
3219,0
9451,0
2231,0
3188,0
3201,1
10129,0
10480,0
41,1
661,1
7515,0
7983,1
3371,0
6350,0
6200,0
6102,1
6371,0
10359,0
5709,0
8148,1
6800,0
9730,0
3723,0
3495,0
5663,1
7103,1
878,0
9733,0
10256,0
8799,0
11302,1
3852,0
10068,0
581,1
4948,0
10788,0
386,0
11588,1
6877,0
10658,0
5087,0
7055,0
7614,0
4500,0
4720,0
3588,0
6383,1
559,0
11782,1
7397,0
5232,0
2207,0
11645,1
5859,0
3373,0
11760,1
9503,0
10573,1
1683,1
2007,0
11436,1
10905,1
11202,1
5407,0
783,0
4725,0
2159,0
11101,1
5824,0
265,0
10290,0
9148,1
6868,0
2061,1
3406,0
7711,0
3062,0
5977,0
5111,1
1558,0
11662,1
7736,0
8407,0
4258,0
8141,0
2082,1
9524,0
9423,0
5302,0
1080,0
5805,0
2078,1
10918,0
8788,1
9996,0
7214,0
2378,1
8726,1
8231,0
1169,0
521,1
10814,0
8709,0
4236,0
663,0
10791,0
2394,0
2098,1
299,0
6242,1
5371,1
1818,0
9308,1
11527,1
8988,1
4801,0
5460,0
3055,0
8205,0
4461,0
6786,0
11531,1
7942,1
4358,0
7243,1
4243,0
4335,0
5134,0
10641,1
11610,1
10467,0
2456,0
10360,0
9294,1
4971,1
5648,0
1142,0
8179,0
1439,0
2639,1
1462,0
10227,1
4011,0
4887,0
6356,0
6237,0
9614,0
1330,0
10251,0
704,0
8666,1
9286,1
10220,0
7539,1
7924,1
106,0
7202,1
5611,0
9652,0
10191,0
8879,0
459,0
6772,0
4542,0
2882,0
6121,0
357,0
6849,0
11448,1
2000,0
8132,0
10723,1
5947,0
11093,0
1724,1
3900,0
1634,0
7009,0
3063,0
6302,1
7762,0
11673,1
8437,0
3684,1
10593,1
7483,1
10581,0
11596,1
10538,0
7665,0
8151,0
4485,0
4416,0
8059,1
11195,1
11011,0
9207,1
5759,0
7760,1
121,1
6993,0
1920,1
11051,0
3771,0
5670,0
10816,0
5814,0
9467,1
5991,0
7247,1
7320,0
3744,1
2282,0
10011,0
1241,1
2658,1
11174,1
6023,1
9140,0
159,0
4705,0
1791,0
10768,0
4835,0
3538,0
7930,0
314,0
10203,0
11740,0
9615,0
7473,0
1563,0
6558,0
7133,0
11277,0
11430,1
7783,1
3925,1
5571,0
6762,1
8751,1
10983,1
2971,0
1543,0
1574,0
7058,0
11388,0
11512,1
5511,1
5531,0
2148,0
3916,0
11289,1
7970,0
6393,0
1441,1
9027,1
11428,1
6310,0
6212,0
5446,0
11682,1
11614,1
10671,0
9318,0
6338,0
8967,1
6576,0
7738,0
2597,0
10651,0
7745,0
6922,1
8824,0
4939,0
6416,0
4370,0
2838,1
8628,1
3273,1
10246,1
9533,0
1850,0
6339,0
11535,1
5561,0
5176,0
5666,0
8176,0
743,1
2325,0
10880,0
1321,1
1069,0
11143,1
11738,1
8888,1
11796,1
2680,0
6742,1
2779,1
10449,0
11360,0
7499,1
580,0
10843,0
8212,0
11508,1
7338,0
6282,1
852,0
1202,0
4180,0
9400,0
5817,0
202,1
1362,0
347,0
4307,0
7246,1
8867,1
3181,0
8610,0
3996,0
3675,0
1149,0
7287,0
8750,1
11239,1
4509,0
11096,0
10937,0
4748,0
5065,0
3781,0
617,0
8853,0
8783,0
11292,1
5272,1
8288,1
4111,0
4780,0
1847,0
7001,0
2692,0
8068,1
9511,0
1595,0
2806,0
10150,0
5377,0
7715,0
1171,0
1384,0
1767,0
522,1
5780,0
8377,1
11779,1
6362,1
4385,0
2929,1
993,0
6297,0
10338,0
11525,0
5681,0
2436,0
10182,0
8498,0
11654,1
4261,0
6331,0
10008,0
10807,0
10795,0
5334,0
11689,1
821,1
780,0
3177,0
7620,1
7623,1
4943,0
11787,1
6741,0
6007,0
3236,0
2145,0
5110,0
5,0
9567,0
9147,1
128,0
10988,0
3704,1
6044,0
3505,0
4080,0
3009,1
6457,0
6505,0
5695,0
10769,0
1825,1
6603,0
10580,0
1494,0
10140,0
10420,0
11545,0
5852,0
8724,0
8229,1
7379,1
2481,1
275,0
8998,0
5394,0
2179,1
11774,1
7501,1
1940,1
11315,0
11822,1
4856,0
4383,0
6580,0
11103,0
127,0
7699,1
5934,0
9292,1
7486,0
1658,0
460,0
1662,1
8923,0
6448,0
2459,1
8766,1
9221,0
10925,1
6462,1
11534,1
5542,1
9274,0
2415,0
2001,0
3914,0
8574,0
197,0
513,0
9990,0
4577,0
11675,1
11630,1
4614,0
10207,0
9824,0
9181,0
11486,1
1210,0
3564,1
9018,0
3625,1
11,0
7595,0
11102,0
1885,0
4174,1
11818,1
3391,0
6403,0
5702,1
2058,1
3332,0
374,0
3010,1
6077,0
10724,1
11538,1
2151,0
1592,0
8412,0
11587,1
4148,0
11649,1
2213,0
11804,1
2318,1
3504,1
3544,1
1694,0
10735,0
6904,0
10026,1
7609,0
761,1
6552,0
1465,0
3024,1
1226,0
7399,1
9029,0
10279,0
10609,1
11300,1
1342,1
669,0
9404,0
6355,0
11783,1
1806,1
4692,0
9227,1
9766,1
9311,0
7450,0
2420,1
5316,0
6217,0
9006,1
5063,0
11546,1
6998,0
6557,0
11643,1
2872,0
11083,1
745,0
7114,0
10669,0
1843,1
11836,0
5957,0
6062,1
4190,0
6680,0
5411,1
9596,0
20,0
9455,0
5071,1
11429,1
7653,0
11205,1
4021,0
7979,1
3507,0
6853,0
108,0
11497,0
3635,0
7102,1
9499,0
3186,0
2460,1
3976,0
6336,0
5629,0
6729,0
10789,0
11000,0
1541,1
11668,1
11171,1
6621,0
2664,0
6036,0
9605,0
2737,0
8089,0
22,1
2551,0
3069,0
6495,0
5803,0
9470,0
7224,1
7282,1
9159,0
8592,0
3095,0
7244,1
3556,0
9269,1
594,0
11623,1
6567,0
8508,0
4209,0
9089,0
3639,0
4421,0
9594,0
9083,0
4467,0
9708,1
9566,1
4203,0
9275,0
1719,0
2149,0
7940,1
4610,0
10891,0
6528,0
3221,0
1505,0
3347,0
9174,0
1976,0
6087,0
10120,0
9017,0
1456,0
280,0
11807,1
7958,0
10931,0
3844,1
8529,0
8385,0
11680,1
4847,0
6439,0
4177,0
4798,0
2021,1
11609,1
9371,0
9005,0
857,0
3774,0
11493,1
10612,0
1158,0
11110,0
2736,0
8897,0
2558,1
5696,0
8908,1
2819,1
1110,0
8115,0
9336,0
11217,1
4687,0
2444,0
11464,0
10877,0
2802,0
834,0
251,0
4183,0
10740,0
11447,1
494,0
10781,1
5945,0
9110,0
8215,0
1701,1
8638,0
7184,1
10082,0
2350,0
11309,0
1309,0
11082,1
7721,1
10946,0
10506,0
2419,1
8847,1
6602,1
10553,0
6942,1
9552,0
3862,0
2064,1
8829,1
7111,0
9941,0
8874,0
10675,0
583,0
7043,1
6444,0
10701,1
2359,1
3745,1
3432,1
3414,1
869,0
10599,0
10705,0
7352,0
4663,0
8186,0
645,0
9612,0
1805,1
3768,0
4298,0
11669,1
4446,0
10342,0
11580,1
1921,1
10,0
2898,0
2480,1
819,0
8313,0
10031,0
1001,1
11552,1
11616,1
9666,1
6226,0
5451,1
9994,0
1808,1
7044,1
4784,0
3719,0
8069,1
3695,0
6041,0
11625,1
6607,0
9828,0
10495,1
3828,0
5172,0
4489,0
11357,0
218,0
3241,0
3736,0
9752,0
11506,1
5562,1
3385,0
778,0
5169,0
5854,0
4706,0
5523,0
233,0
514,0
6541,0
9539,0
11720,0
1760,0
5022,0
7173,0
3398,0
6013,0
5788,0
4265,0
6018,0
300,0
11792,1
8860,0
10728,1
10943,0
2241,1
2526,0
11242,1
7612,0
7701,1
632,0
11439,0
5194,0
5457,0
2683,0
5170,0
9366,1
8815,0
6648,0
5270,0
598,0
4726,0
10630,0
10998,0
10482,1
4704,0
3343,0
1427,0
9034,0
488,0
7965,1
10984,0
6491,0
11213,1
8626,1
468,0
9970,0
6079,0
11212,1
10377,0
4849,0
3962,0
4354,0
7984,1
11798,1
5943,0
1853,0
1652,0
649,0
1879,1
1545,0
9508,0
9388,0
6778,0
1164,0
7624,1
5008,0
3584,1
5851,0
11264,0
1749,0
1787,0
2823,0
3044,0
2233,0
11641,1
7823,1
1223,0
9811,0
11635,1
485,0
10466,1
11667,1
6447,0
6288,0
9212,0
879,0
9209,0
2695,0
11244,0
2239,1
11259,1
8008,0
10262,0
9939,0
10165,0
10189,0
11393,0
9937,0
8369,0
2556,0
10086,1
7932,0
9958,0
8316,0
3288,0
11626,1
7786,1
8315,0
2161,0
11455,0
4959,0
7811,0
2953,0
6737,0
2978,0
8539,0
771,0
9667,1
10437,0
6843,0
8855,0
9646,1
843,0
9629,0
8729,0
8425,0
6078,0
5831,0
7217,0
2519,1
4351,1
2183,0
11123,1
3290,0
11015,0
9045,0
3450,0
10575,0
8655,0
5778,0
11784,1
8418,0
10870,0
5631,0
11684,1
10811,0
9555,0
4912,0
8868,1
3667,0
1549,0
11683,1
996,0
3466,0
1919,1
4741,0
8646,1
3769,0
6798,0
1017,0
11374,0
3165,0
3908,0
1721,1
4091,0
11516,1
81,1
11621,1
7973,0
5209,0
5896,0
10588,0
11454,0
8180,0
1271,0
7610,0
11117,0
910,0
5396,0
7553,0
8314,0
902,1
11592,1
83,0
615,0
1941,1
2757,0
8894,0
7264,0
6122,1
10766,0
8865,0
3015,0
4986,0
1274,0
397,0
8405,0
10715,0
2038,1
10744,0
6540,0
6665,0
4821,0
8189,1
283,0
8895,0
3936,0
6863,0
7265,0
3550,0
4098,0
5700,0
3198,0
8207,0
9920,0
11830,0
3919,0
2699,1
7954,0
1895,0
3602,0
10903,1
6407,0
3578,0
5148,0
10508,0
3242,1
9900,0
10212,0
3283,0
2285,0
11301,1
11488,1
11167,1
11763,1
8514,0
3586,1
11294,1
11509,1
4074,1
4381,0
4506,0
4215,0
8361,0
11627,1
6116,0
9810,0
10829,0
7568,0
1711,0
11646,1
11262,1
4886,0
3749,0
1191,0
11268,0
5910,0
3008,1
1220,0
7853,0
4137,0
502,1
461,1
2858,1
4191,1
6907,0
8704,0
11168,1
2718,1
7458,0
11332,0
4967,0
7361,0
10963,1
3191,0
10357,0
2238,1
5970,0
8727,0
481,1
2389,0
7640,1
2199,1
2290,0
6542,1
482,1
3814,0
9653,0
6926,0
11832,0
1133,0
8169,1
4256,0
1826,1
1372,0
1581,1
6622,1
9812,0
7961,1
9004,0
11297,1
5513,0
9435,0
2050,0
10042,0
10006,1
8866,1
9728,0
2741,0
7203,1
10558,0
4771,1
2397,0
6169,0
5638,0
5712,0
6224,0
11346,1
5227,0
1742,1
5001,0
10782,1
7002,1
1682,1
9014,0
11182,1
261,1
1022,1
3761,0
11214,1
6194,0
1144,0
1395,0
3226,0
11817,1
8786,1
2118,1
10595,1
5398,0
9866,1
7812,0
9913,0
6859,0
10003,0
10097,0
1534,0
10863,1
8190,1
7894,0
1788,0
10726,1
8578,0
5565,0
8496,0
2026,0
1201,1
58,0
7531,0
8106,0
6908,0
4640,0
3946,1
7814,0
8575,0
4392,0
2439,1
2598,1
11618,1
9053,0
161,1
1958,1
6020,0
8989,1
9450,0
1511,0
10982,1
9391,0
6484,0
4197,0
3224,0
3942,0
3182,1
3312,0
3218,0
2314,0
1343,0
11809,1
8493,0
8164,0
2533,0
423,1
5667,0
11793,1
8289,0
1394,0
4012,0
11245,0
226,0
1311,0
7083,1
6934,0
9682,0
2515,0
3036,0
5070,0
9946,1
9659,0
5299,0
11170,1
9807,0
11797,1
10083,0
5091,1
2961,0
7919,1
8019,1
2122,1
8170,1
7778,0
1072,0
4292,1
11566,1
3377,0
3386,0
681,1
4094,1
3339,0
4122,0
11648,1
9001,0
11484,0
4143,0
11287,1
9949,0
8627,1
7921,1
1341,1
11142,1
755,0
1858,1
7801,1
8182,0
10503,0
11164,1
10224,0
7819,1
6623,1
6805,0
11554,1
8040,1
11361,0
9632,0
9259,0
6955,0
2425,1
11298,1
8088,1
4767,0
11806,1
10902,1
3316,1
6915,0
11236,0
10096,0
5477,0
11529,1
10046,1
4582,0
7549,0
11739,1
6534,0
7141,0
11788,1
2059,1
6088,0
5462,0
2720,1
2851,0
620,0
8528,0
5224,0
5517,0
9738,0
5323,0
6168,0
110,0
3527,0
9206,1
5770,0
7659,1
4931,1
11607,1
2119,1
2243,0
7337,0
7777,0
9954,0
11813,1
1081,1
2569,0
3803,0
1824,1
3424,0
1792,0
10967,0
3804,1
2169,0
7821,1
11615,1
11815,1
462,1
10286,1
5329,0
1959,1
6562,1
5580,0
9260,0
541,1
7800,1
5595,0
6675,0
10386,1
4167,0
3041,0
10568,0
3643,0
8284,0
302,0
1898,1
142,1
3232,1
9819,0
1707,0
7113,0
1743,1
2863,0
11094,0
8519,0
5682,1
5722,1
6141,0
7274,0
7167,0
10666,0
1782,1
9848,0
5023,0
4567,0
846,0
11629,1
6480,0
763,0
1835,0
8251,1
8692,0
177,0
9746,1
8181,0
754,0
10976,0
3127,1
10425,0
3807,0
2441,0
5201,0
6790,0
11764,1
643,0
6553,0
9751,0
7371,0
9620,0
3372,0
6333,0
9383,0
1089,0
6538,0
2063,1
23,1
2333,0
10241,0
341,1
6592,0
10146,1
3022,0
1564,0
2201,1
2878,0
11678,1
8901,0
7420,1
9171,0
7238,0
6929,0
6876,0
4922,0
2594,0
8509,0
4791,1
2928,0
1785,0
757,0
9082,0
10181,0
7822,1
7179,0
3200,1
8931,0
9547,0
9046,1
11639,1
11427,1
2178,1
9745,0
8070,1
7302,1
11044,1
1998,1
10964,1
1783,1
10928,1
8391,0
6081,0
2180,1
1361,1
11758,1
696,0
7697,0
1621,1
5539,0
9883,0
9847,0
10277,0
7896,0
2327,0
8463,0
7315,0
10548,0
320,0
7498,0
10895,0
7899,1
9861,0
8298,0
10947,0
7404,0
2212,0
1776,0
7060,0
5959,0
9226,1
7271,0
9030,0
1695,0
7476,0
8188,1
9799,0
9528,1
11086,1
2940,0
7621,1
7380,1
353,0
11620,1
11141,1
9293,1
10525,0
9591,0
7837,0
7599,1
6146,0
3922,0
11671,1
5178,0
3716,0
1091,0
11573,1
627,0
1860,1
5484,0
6117,0
117,0
7662,0
5234,0
8725,0
8846,1
3484,1
10180,0
6638,0
11456,0
986,0
237,0
8453,0
2295,0
6897,0
10929,1
8992,0
5064,0
841,1
8071,1
8517,0
10537,0
560,0
5047,0
2440,1
11185,1
4228,0
7481,1
10711,0
5311,0
1163,0
11757,1
8966,1
6215,0
7831,0
11778,1
8365,0
6245,0
10865,1
8598,0
3515,0
9386,1
10293,0
2793,0
4221,0
10640,0
9694,0
7051,0
8797,0
6082,1
8629,1
11379,0
2382,0
3453,1
11075,0
3473,0
8615,0
9827,1
7257,0
1122,0
667,0
11494,1
7226,0
7992,0
7966,0
7569,0
2778,1
9026,1
3251,1
7255,0
4252,1
1878,1
6149,0
4731,1
11282,1
10447,1
9307,1
2719,1
3721,0
3144,0
11280,1
4905,0
11252,0
7037,0
3454,1
7794,0
8902,0
11663,1
2278,1
2887,1
400,0
739,0
361,1
4672,0
1938,1
1078,0
4525,0
1605,0
8297,1
8230,1
11733,1
7090,0
1407,0
9215,0
6963,1
6593,0
2932,0
4065,0
2102,1
4161,0
6095,0
6435,0
3085,0
6398,0
2449,0
11726,0
3324,0
1221,1
3321,0
9058,0
10610,1
11063,1
7007,0
4409,0
8606,1
7029,0
10684,0
7151,0
7908,0
10806,0
6379,0
4097,0
1980,1
8828,1
3802,0
11785,1
9915,0
11473,0
7221,0
4114,1
87,0
1095,0
5660,0
10923,1
11303,1
10076,0
9151,1
844,0
9526,1
7818,0
3901,0
2801,0
1181,1
3595,0
1491,0
1897,0
2269,0
3964,1
8551,0
11613,1
2987,0
5612,0
4891,1
7303,1
11248,0
5034,0
9599,0
7096,0
10725,1
11650,1
1882,0
978,0
11450,1
2701,1
11652,1
5406,0
11681,1
8084,0
1487,0
11548,1
1629,0
1842,1
7471,0
10682,0
5464,0
981,1
45,0
11008,0
11533,1
9813,0
2486,0
8459,0
6662,0
7900,1
6353,0
4453,0
1722,1
11193,1
2640,1
2458,1
6442,1
5144,0
11200,1
7452,0
6728,0
7963,1
11688,1
851,0
2963,0
9647,1
4199,0
6329,0
1421,1
9165,0
11347,1
1829,0
2621,1
4890,0
3291,1
7582,0
2762,0
11165,1
6782,1
7105,1
207,0
7679,1
4293,0
3058,0
8057,0
11709,0
4294,0
3094,0
6694,0
9991,0
2366,0
1809,1
4635,0
8969,1
3437,0
1027,0
11446,1
10496,1
5199,0
11563,0
6402,1
5405,0
2698,1
1062,1
1931,0
6186,0
1301,1
9854,0
641,1
11295,1
8780,0
10884,1
10881,1
1180,0
11355,0
70,0
11114,0
1888,0
11492,1
11634,1
203,1
8864,0
11061,1
11121,1
11600,1
11263,1
752,0
10350,0
3032,0
2100,1
4332,0
11190,1
9348,0
3642,0
11425,0
9446,1
11766,1
113,0
8333,0
719,0
4126,0
10679,0
10145,0
3430,0
9851,0
10446,1
2,1
5409,0
6999,0
5351,0
5862,1
11749,0
549,0
3664,1
2580,1
3524,1
6952,0
8243,0
10961,1
7513,0
6492,0
8978,0
3143,0
5784,0
1470,0
8065,0
6092,0
6651,0
10721,1
2273,0
718,0
5781,0
1197,0
8887,1
4597,0
6277,0
3709,0
288,0
1761,1
5871,0
8191,1
9786,1
6511,0
3298,0
1131,0
4225,0
5454,0
11811,1
5872,0
9806,1
4656,0
523,1
3968,0
7974,0
11780,1
11013,0
4290,0
2607,0
1415,0
10366,1
5624,0
9414,0
425,1
8682,0
6842,1
9166,1
9483,0
8565,0
1948,0
6811,0
1422,1
7547,0
1206,0
9028,1
2550,0
2103,0
8958,0
5622,1
9714,0
11833,0
1021,1
11515,1
3333,1
1913,0
3152,0
6272,0
8077,0
9021,0
1902,0
7645,0
4911,1
2225,0
5236,0
8011,0
3308,0
2200,1
8787,1
9906,1
9392,0
7162,1
1893,0
7186,0
7412,0
3025,1
1433,0
3626,1
7559,1
3011,0
11631,1
10862,1
5590,0
8004,0
1093,0
9493,0
322,1
2004,0
11078,0
7593,0
6241,0
290,0
4134,1
5179,0
2799,1
8663,0
927,0
2810,0
5951,0
4443,0
2258,1
8023,0
8974,0
11715,0
11426,1
6873,0
773,0
1723,1
7062,1
3738,0
7607,0
11595,1
11677,1
7479,1
2593,0
9559,0
5165,0
1866,0
4281,0
9500,0
7627,0
372,0
8257,0
11201,1
9453,0
9531,0
11500,0
11776,1
7205,1
8495,0
4241,0
7492,0
11321,0
7540,1
1147,0
8942,0
10602,0
505,0
854,0
8970,0
4556,0
5619,0
8789,1
11403,0
2797,0
4758,0
7142,1
7132,0
4822,0
1822,1
11755,1
7949,0
8959,0
8619,0
4045,0
181,1
7784,1
8410,0
889,0
10616,0
6867,0
10267,1
11434,1
286,0
9723,0
5019,0
7832,0
11802,1
8039,1
11404,0
7362,1
10696,0
6145,1
8058,0
720,0
7528,0
10013,0
2162,0
5937,0
8835,0
4211,1
11394,0
3212,0
9280,0
7262,1
8334,0
7951,0
53,0
9109,1
6499,0
8556,0
9927,0
11088,1
2520,1
11530,1
4501,0
712,0
9296,0
6866,0
2913,0
6208,0
11574,1
1561,1
11270,0
6022,1
4491,0
2131,0
2620,1
11003,0
1134,0
6957,0
1802,1
8015,0
5766,0
2039,1
9047,1
997,0
11691,1
9282,0
5587,0
7589,0
4611,1
10289,0
323,1
11617,1
8248,1
51,0
2991,0
11034,0
7588,0
7194,0
9492,0
6061,0
4546,0
3167,1
7824,1
4896,0
5271,1
8706,1
5956,0
8036,0
8054,0
1005,0
2081,1
311,0
8747,1
3785,1
6760,0
11584,1
2079,1
2714,0
10627,1
4766,0
1841,1
709,0
6822,1
8102,0
10999,0
6852,0
4185,0
10166,1
1067,0
1708,0
11775,1
143,0
9986,1
294,0
7204,1
281,1
9928,0
9830,0
642,1
9587,1
6228,0
3604,1
9237,0
11661,1
4836,0
4510,0
4251,1
11449,1
11642,1
6933,0
402,1
3817,0
8975,0
10487,0
118,0
10066,1
8032,0
5374,0
7082,1
10836,0
7117,0
9183,0
7674,0
9270,0
3712,0
10550,1
2266,0
8254,0
900,0
3799,0
8968,1
5998,0
1871,0
4794,0
6520,0
5102,0
727,0
3532,0
5288,0
1781,1
4772,0
11283,1
8372,0
10660,0
3819,0
5425,0
10422,0
1881,1
11550,1
11507,1
7917,0
6382,1
8192,1
10331,0
9265,0
19,0
11660,1
7343,1
4067,0
11716,0
5902,1
4154,1
6522,1
6691,0
1322,1
8145,0
6502,1
9100,0
8906,1
10883,1
9692,0
1775,0
9306,1
9966,1
7956,0
11285,1
5684,0
4880,0
3645,0
1412,0
6685,0
9473,0
2248,0
8471,0
4740,0
6627,0
3498,0
6105,0
724,0
5558,0
4396,0
7759,1
3616,0
2379,0
10606,0
10552,1
9290,1
276,0
9631,0
5916,0
6509,0
1859,1
8304,0
2724,0
11732,1
2847,0
10085,0
10783,1
8547,0
6034,0
11505,0
2423,1
1862,1
418,0
4759,0
2154,0
11800,1
3581,0
970,0
7947,0
1979,1
9683,0
6912,0
95,0
231,0
408,0
11258,0
4838,0
1999,1
5449,0
11633,1
10534,1
73,0
6262,1
1988,0
1619,0
2146,0
11467,1
3666,0
3891,0
8363,0
3912,0
11243,1
11632,1
6496,0
7385,0
11233,0
2988,1
3966,0
11207,1
10469,0
348,0
211,0
9239,0
7739,1
10570,0
511,0
1004,0
7463,0
1106,0
5566,0
7365,1
4285,0
2189,0
3980,0
8634,0
11194,1
11752,1
449,0
11685,1
10554,0
4090,0
7939,1
11162,1
3904,1
4779,0
6770,0
9700,0
3419,0
705,0
11169,1
9904,0
1754,0
4024,1
6752,0
8239,0
10107,1
775,0
9871,0
7981,1
1028,0
3624,1
4908,0
6441,0
3858,0
1102,1
3383,0
2424,1
6380,0
7560,1
9291,1
11710,0
2430,0
3792,0
2047,0
10785,0
694,0
7744,0
6342,1
4104,0
3869,0
9608,0
10514,1
4447,0
1135,0
3565,0
2738,1
5744,0
11820,1
10639,0
1741,1
1008,0
4237,0
3400,0
9678,0
105,0
3415,1
721,1
307,0
4231,1
11062,1
4734,0
4711,1
861,1
1052,0
2177,0
3256,0
10776,0
881,1
9576,0
3692,0
5383,0
2469,0
6129,0
2020,1
1323,1
1720,0
3310,0
8658,0
6743,0
9903,0
7242,1
939,0
11604,1
8765,0
10324,0
11559,0
3175,0
1282,0
8175,0
9491,0
6183,0
1966,0
6244,0
8216,0
1434,0
9556,0
2612,0
7256,0
7063,1
2018,1
8731,0
9128,0
7143,0
3272,1
2770,0
1801,1
8993,0
11413,0
9588,1
11179,1
7442,0
399,0
11769,1
10393,0
6689,0
8042,1
3518,0
7406,0
3634,0
5596,0
3370,0
2499,1
11210,1
10730,1
1325,0
2237,0
6283,0
11532,1
11079,0
1547,0
9163,0
1823,1
856,0
11406,1
4254,0
1160,0
9066,1
6582,1
5683,1
2065,1
5242,0
9720,0
6642,1
9287,1
2399,1
5475,0
11636,1
11541,1
2307,0
7283,1
2261,0
5336,0
10226,1
10186,1
4733,0
5892,0
11816,1
2892,1
1641,1
9106,1
10924,1
1295,0
2531,0
4579,0
7381,1
9672,0
8744,0
10453,0
3794,0
2488,0
1803,1
3417,0
1401,1
2358,1
1780,0
5876,0
1704,0
4151,0
10476,0
9853,0
421,1
10965,1
4768,0
11553,1
7472,0
10071,0
7693,0
5990,0
2198,1
10968,0
1861,1
6316,0
6604,0
2341,0
5229,0
10452,0
3784,1
692,0
8358,0
4552,0
3061,0
10681,1
10771,0
11693,1
4831,1
6422,1
4913,0
11543,1
9852,0
4548,0
7401,0
533,0
254,0
4985,0
11772,1
9519,0
11770,1
11489,1
8049,0
11655,1
4975,0
1010,0
5013,0
10827,0
4527,0
9123,0
4603,0
6612,0
1681,1
4224,0
3691,0
9152,1
2535,0
6628,0
1640,0
2482,0
1615,0
7104,1
10853,0
2989,0
407,0
2323,0
3783,0
11043,1
5528,0
6397,0
7702,1
2821,1
5972,0
5850,0
9834,0
11215,1
883,0
2190,0
7929,0
5782,1
10147,1
3933,0
741,1
744,1
6918,0
4641,0
5160,0
8928,1
6167,0
11570,1
7502,1
6682,1
401,1
11672,1
5887,0
1199,0
3798,0
1437,0
84,0
11576,1
6704,0
5825,0
8200,0
4928,0
3865,1
5842,1
6425,0
1317,0
2418,1
2884,0
8193,0
7793,0
5779,0
7639,1
11578,1
2581,1
6257,0
7138,0
5092,1
760,0
5401,0
3089,0
1789,0
1983,0
8448,0
9167,1
3812,0
9086,1
1129,0
4951,1
11511,1
6571,0
11514,1
6551,0
4578,0
6964,0
5602,1
10430,0
3399,0
8321,0
351,0
1815,0
2592,0
9361,0
5208,0
994,0
9822,0
4175,1
7959,1
8398,0
7048,0
11081,1
10007,0
1464,0
9257,0
5217,0
9466,1
11603,1
6384,0
8238,0
11597,1
1151,0
8268,1
10623,0
6788,0
6123,1
9162,0
5088,0
9731,0
2667,0
7067,0
10839,0
8466,0
3104,0
2800,1
9586,1
9546,1
2646,0
7190,0
10288,0
11279,1
1253,0
5762,1
8202,0
7478,0
9583,0
5067,0
8128,1
6962,1
10316,0
946,0
7042,1
10981,1
2968,0
4047,0
7641,1
9839,0
11659,1
6394,0
2627,0
2410,0
1453,0
11581,1
7782,1
9495,0
1838,0
8946,1
574,0
1896,0
3739,0
1048,0
7182,1
1664,0
7789,0
9142,0
8020,0
11281,1
7372,0
8044,1
3724,1
5882,1
2075,0
1945,0
2539,0
2019,1
6653,0
5117,0
8000,1
11163,1
8397,0
1528,0
8987,1
9809,0
9901,0
8571,0
9936,0
944,0
3098,0
6981,0
6440,0
4360,0
3810,0
4223,0
2422,1
4192,0
10206,0
11567,1
6893,0
7429,0
10922,1
3107,0
10751,0
11291,1
10080,0
5802,1
9882,0
1638,0
11423,0
321,1
10051,0
2572,0
11188,1
11665,1
4377,0
148,0
7850,0
7363,1
11209,1
4291,1
2780,0
8807,1
153,0
941,1
1461,1
8916,0
3592,0
740,0
8357,0
500,0
6697,0
10899,0
5823,0
11723,0
7855,0
271,0
799,0
10927,1
3895,0
7740,1
8588,0
11386,1
6938,0
7719,1
8826,1
10018,0
1807,1
3733,0
2164,0
10861,1
11166,1
5734,0
3700,0
5933,0
1526,0
3423,1
3460,0
4604,0
10326,1
1203,0
1161,1
3211,0
7112,0
1725,1
2475,0
5321,0
716,0
5332,0
6024,0
7603,0
5057,0
7689,0
11756,1
11468,0
7119,0
11605,1
7922,1
9302,0
7439,1
8269,1
596,0
5031,1
6182,1
7743,0
9253,0
8576,0
9247,1
7076,0
8480,0
1232,0
3057,1
11255,0
8136,0
4478,0
2936,0
9572,0
10672,0
558,0
9743,0
5053,0
7613,0
8168,1
1793,0
5699,0
11490,1
4033,0
7720,1
10799,0
931,0
607,0
3605,0
6678,0
9040,0
1458,0
7680,0
9984,0
3464,1
3949,0
9971,0
3883,0
262,1
7797,0
1039,0
1731,0
3425,0
3455,1
11327,1
6432,0
2585,0
3296,1
5591,0
1790,0
4633,0
7700,1
3877,0
6471,0
4005,1
4634,0
8951,0
2700,1
2523,1
8253,1
2319,0
4095,0
10864,1
10613,0
11674,1
11451,1
4844,0
10821,1
725,0
6124,1
8756,0
5687,0
5419,0
2939,1
444,0
11487,1
7753,0
8947,1
9886,1
3203,0
1501,1
3216,0
301,1
1175,0
11020,0
3189,0
1804,1
8203,0
5962,1
10479,0
2240,1
2694,0
2166,0
11537,1
9268,1
11432,1
5993,0
2855,0
10072,0
10200,0
7364,1
7512,0
5785,0
7281,0
9284,0
5467,0
11737,1
3491,0
1521,1
4531,1
6802,1
2702,1
1622,0
11565,0
2522,1
1810,1
907,0
10970,0
9406,1
9929,0
2707,0
4513,0
7506,0
3197,0
2777,0
1184,0
5471,1
11795,1
1281,1
7923,1
11198,1
11670,1
11612,1
11734,1
623,0
8067,0
2518,1
3791,0
3636,0
8228,1
9686,1
89,0
4474,0
11435,1
11491,1
977,0
3220,0
582,1
5573,0
10303,0
10087,0
4206,0
10838,0
3864,1
6783,0
1918,1
5731,0
1613,0
1608,0
3622,0
3077,1
2907,0
10567,1
4044,1
1894,0
2759,1
2937,0
6976,0
11551,1
10628,0
239,0
919,0
5525,0
3913,0
4594,0
11261,1
1811,1
7122,1
8001,1
267,0
2124,0
11499,0
7518,0
2299,1
9626,1
3214,1
11585,1
328,0
675,0
1537,0
9512,0
10406,1
6748,0
10257,0
8940,0
11644,1
2619,1
5967,0
9674,0
6735,0
6773,0
3234,0
4854,0
9095,0
7692,0
5732,0
5432,0
11017,0
9823,0
9198,0
3297,1
1880,1
10699,0
5125,0
544,0
11640,1
693,0
7459,1
11676,1
4082,0
5491,1
11569,1
7625,0
6722,1
5348,0
2795,0
7913,0
1925,0
11542,1
6014,0
4471,1
9925,0
6996,0
5642,1
4563,0
4968,0
3824,1
792,0
665,0
7482,1
11144,1
1923,0
1676,0
3148,0
3685,1
1268,0
5730,0
5210,0
10841,1
11808,1
1231,0
9108,1
9312,0
422,1
11354,0
10649,0
9033,0
10388,1
101,1
10717,0
9149,1
1198,0
2453,0
10168,0
