7927,0
7660,1
3765,1
2798,1
3465,0
11810,1
10794,0
6733,0
3786,0
5074,0
6983,0
7073,0
3600,0
10221,0
2126,0
469,0
5461,0
1381,1
2013,0
5651,0
10648,0
11638,1
10505,0
8341,0
11598,1
4004,1
201,1
10546,0
8875,0
2226,0
8320,0
2618,1
11326,1
5480,0
2721,1
9346,1
9693,0
2219,1
5415,0
2528,0
1446,0
10414,0
241,1
4902,0
11572,1
8064,0
2120,1
507,0
11608,1
872,0
61,1
3513,0
4598,0
8270,1
3292,0
11151,0
3327,0
42,1
3179,0
306,0
10532,0
4675,0
8748,1
5546,0
6396,0
11651,1
7285,0
9245,0
10208,0
3405,0
1912,0
701,1
3395,0
1899,1
6072,0
2421,1
5640,0
1813,1
11021,1
3239,0
11586,1
2298,1
7413,0
8927,1
5610,0
742,1
213,0
4205,0
5592,0
491,0
11577,1
4271,1
8196,0
1580,0
6620,0
9445,0
9050,0
8892,0
5662,1
5221,0
8749,1
1061,1
7681,0
9527,1
9375,0
7254,0
1730,0
4873,0
2080,1
1744,1
7859,1
7779,1
10369,0
3026,1
477,0
7520,1
7457,0
8752,1
9374,0
8670,0
4272,1
8354,0
10822,1
2498,1
11177,1
6937,0
1349,0
4322,0
10260,0
4019,0
6573,0
8645,0
2221,1
1228,0
9107,1
7647,0
10745,0
8849,1
10858,0
4297,0
9377,0
8199,0
10106,1
3585,1
3038,0
9725,0
7920,1
332,0
6103,1
3646,0
7519,1
5679,0
9664,0
3526,0
2068,0
11653,1
6706,0
8271,1
2123,1
1603,0
10427,0
1298,0
11186,1
3653,0
906,0
5557,0
7388,0
54,0
5773,0
6076,0
5975,0
11823,1
8095,0
11736,1
2885,0
1088,0
445,0
9250,0
4583,0
7392,0
4376,0
11431,1
2279,1
4871,1
282,1
1570,0
11637,1
11767,1
10908,0
11085,1
11183,1
748,0
3843,0
2760,1
3190,0
9359,0
2814,0
6870,0
3353,0
1,1
8910,0
8870,0
2948,0
5322,0
6231,0
10346,1
4806,0
1474,0
2398,1
4915,0
2552,0
7909,0
698,0
9384,0
11575,1
5256,0
9136,0
6874,0
403,0
824,0
1643,0
246,0
3740,0
7808,0
8097,0
7332,0
5641,0
1418,0
6757,0
9146,1
11601,1
4248,0
10253,0
974,0
4289,0
7212,0
10882,1
9347,0
4352,0
7912,0
6900,0
3939,0
6180,0
9457,0
5875,0
5030,0
3360,0
10392,0
441,1
11524,0
6664,0
3924,1
8026,0
8630,1
3557,0
381,1
376,0
1094,0
7342,1
6740,0
2626,0
4023,0
797,0
10035,0
9607,0
9267,1
7402,0
5654,0
2912,1
11290,1
11753,1
9426,1
9744,0
3494,0
8478,0
2343,0
5354,0
3829,0
1661,1
8160,0
5011,1
2168,0
1041,1
11304,1
4041,0
6600,0
7678,0
2771,0
8030,0
7419,1
3778,0
2734,0
2521,1
10866,1
7431,0
7275,0
7015,0
7422,0
5213,0
5707,0
4680,0
5522,1
7798,0
2758,1
11173,1
7985,1
3020,0
11030,0
1481,1
3619,0
6829,0
2369,0
11624,1
8926,1
11539,1
4475,0
6256,0
9326,1
7843,0
5627,0
9334,0
10850,0
1846,0
5283,0
3284,0
8781,0
11611,1
11433,1
5345,0
11218,1
68,0
7676,0
2638,1
8083,0
11594,1
7888,0
3984,0
6616,0
11582,1
8350,0
2304,0
5691,0
6941,0
804,0
5984,0
344,0
1194,0
11619,1
1726,1
9116,0
10642,1
1205,0
6645,0
10117,0
10299,0
638,0
898,0
5492,1
5212,0
8597,0
6002,1
6619,0
10259,0
6992,0
11189,1
5924,0
7323,1
11791,1
8768,0
10228,0
9918,0
2825,0
5106,0
6319,0
7704,0
2158,1
11540,1
7790,0
3927,0
11006,0
5339,0
853,0
839,0
1262,1
10926,1
6142,1
8208,1
2473,0
1255,0
3525,0
9622,0
6345,0
6618,0
10801,1
7936,0
6730,0
7799,1
9980,0
9129,0
6456,0
4855,0
2060,1
2662,0
8746,1
9389,0
5466,0
1165,0
5079,0
2579,1
7579,0
5431,1
11837,0
2229,0
5014,0
9441,0
9289,1
11370,0
11240,1
4573,0
10830,0
7964,1
5917,0
8932,0
3963,0
4064,1
5532,0
5076,0
5795,0
9329,0
5080,0
9398,0
7177,0
7061,0
7191,0
5150,0
4102,0
11172,1
8183,0
4394,0
3306,0
11293,1
1812,1
8600,0
11781,1
5211,0
6731,0
11196,1
8827,1
2827,0
2138,1
6669,0
10654,0
7318,0
9867,1
1016,0
10904,1
11777,1
2600,1
2672,0
7768,0
5206,0
5883,0
10477,0
4424,0
10470,0
10921,1
158,0
2943,0
7879,1
4407,0
3206,1
1101,1
4441,0
2538,1
781,1
8274,0
11520,0
11176,1
5182,0
2095,0
6326,0
479,0
10524,0
8261,0
602,1
5504,0
3706,0
5140,0
11547,1
4212,1
4817,0
7223,1
424,1
3816,0
5964,0
1997,0
11510,1
8249,1
11181,1
6046,0
10661,1
7705,0
921,1
516,0
5149,0
8366,0
11579,1
9795,0
1370,0
7748,0
4935,0
10597,0
6204,0
808,0
11012,0
4899,0
6202,1
6236,0
3330,0
7032,0
903,0
5963,0
6178,0
2678,1
9860,0
10184,0
3404,0
8454,0
7780,1
11203,1
9525,0
2871,0
6793,0
11712,1
2610,0
2609,0
1042,1
2461,1
4825,0
10901,1
11544,1
2570,0
11679,1
8697,0
5433,0
11444,0
2897,0
11593,1
8620,0
10244,0
1483,0
6411,0
6029,0
1073,0
5942,1
3409,0
2748,0
1399,0
1687,0
9048,1
838,0
5135,0
11528,1
5885,0
3910,0
5391,1
4530,0
1517,0
11821,1
8143,0
1538,0
8291,0
6987,0
10722,1
7480,1
7654,0
6144,1
11305,1
9726,1
9356,0
2400,1
11137,0
8957,0
11549,1
10306,1
5586,0
9529,1
2155,0
786,0
2583,0
11536,1
2028,0
5796,0
7650,0
9846,1
515,0
11686,1
4646,0
9705,0
3974,0
4286,0
4843,0
504,0
6977,0
11042,1
4267,0
2628,0
4549,0
11175,1
4607,0
2635,0
8806,1
2413,0
9969,0
7860,1
6615,0
2866,0
11647,1
11606,1
10978,0
11725,0
6624,0
6115,0
3244,0
10141,0
10727,1
2062,1
2599,1
736,0
5379,0
5742,1
11786,1
11517,1
1143,0
10105,0
9606,1
8889,0
6879,0
7028,0
4367,0
9387,0
5891,0
11799,1
4730,0
3422,0
5226,0
43,1
7123,1
2502,0
573,0
9489,0
1318,0
9111,0
11204,1
10712,0
8800,0
1706,0
5693,0
9702,0
6919,0
1018,0
3686,1
5376,0
7298,0
2979,1
7632,0
5084,0
2101,1
6295,0
11192,1
4517,0
1410,0
1939,1
1237,0
987,0
6143,1
1074,0
9885,0
1436,0
7619,1
11041,1
8010,0
2703,1
11789,1
3410,0
3418,0
5046,0
801,1
7668,0
6880,0
6042,1
5983,1
10662,0
10547,0
5726,0
8549,0
1978,1
3271,1
8521,0
4321,0
7677,0
11814,1
331,0
152,0
6679,0
11765,1
1261,1
10683,0
3039,1
10074,0
7319,0
6482,1
0,1
5940,0
8364,0
1601,1
11191,1
4444,0
9208,1
2839,1
2906,0
6252,0
9402,0
11754,1
7656,0
2642,0
11773,1
11145,0
1168,0
8546,0
8108,1
11794,1
6378,0
3394,1
8306,0
2489,0
6058,0
5085,0
137,0
9926,1
10906,1
10688,0
3172,0
484,0
5900,0
11348,1
8312,0
7245,1
10195,0
270,0
4547,0
11211,1
8426,0
5147,0
9246,1
2432,0
11687,1
2500,1
4601,0
11666,1
4341,0
3017,0
2817,0
11657,1
4303,0
11027,0
5326,0
5380,0
7809,0
10387,1
10646,0
5137,0
7880,1
10176,0
3059,0
1457,0
1009,0
11184,1
7546,0
3729,0
1663,1
2846,0
11367,1
2275,0
11591,1
756,0
3393,0
6914,0
4389,0
3766,1
6150,0
2073,0
141,1
4722,0
9486,1
3682,0
2346,0
2660,1
813,0
5035,0
8850,0
5776,0
7881,1
10802,0
8005,0
4979,0
9787,1
5497,0
6266,0
48,0
2236,0
6684,0
11805,1
10930,1
2377,0
8934,0
8641,0
3773,0
1914,0
925,0
10650,0
2265,0
7839,1
163,0
9558,0
13,0
5554,0
7906,0
8848,1
1076,0
901,1
5568,0
8138,0
11819,1
5447,0
4437,0
4499,0
2818,1
5331,1
3,1
2405,0
8703,0
4487,0
7154,0
11366,1
10287,1
2835,0
7563,0
10395,0
8129,1
7222,1
11296,1
11495,1
4792,1
3531,0
3944,1
10271,0
3180,0
7003,0
11064,1
3767,1
11389,0
3117,1
3884,1
4570,0
621,1
3250,0
102,1
7960,1
10910,0
8072,1
6633,0
3213,1
11234,0
11288,1
3662,0
6498,0
99,0
7763,0
7999,1
6031,0
11589,1
2659,1
8326,0
4851,1
5982,1
193,0
10962,1
5195,0
6884,0
4430,0
10626,0
2381,0
8003,0
2869,0
9706,1
11472,0
3018,0
6702,1
266,0
1768,0
11812,1
772,0
4691,0
3243,1
9277,0
2360,0
11187,1
3215,1
4260,0
11453,0
8155,0
5863,1
11084,1
3644,1
3838,0
8258,0
10266,1
2176,0
62,0
3468,0
5846,0
9049,1
3246,0
8761,0
3162,0
11178,1
10936,0
1568,0
10240,0
658,0
11768,1
394,0
7196,0
11599,1
1157,0
6074,0
7622,1
6175,0
8262,0
2300,1
4390,0
11122,1
501,1
6835,0
3192,0
2099,1
8399,0
8653,0
9223,0
3570,0
8710,0
3866,1
9549,0
223,0
9884,0
9855,0
11656,1
3991,0
5888,0
6529,0
1037,0
11801,1
6221,0
8287,1
11761,1
1270,0
11208,1
3007,0
9487,0
2428,0
882,0
6337,0
3103,0
11284,1
11199,1
10729,1
8041,1
11803,1
8757,0
6174,0
567,0
9826,1
5922,1
8009,0
5045,0
107,0
11571,1
11180,1
4007,0
